0.000000  0.000000  0.000000  0.000000  0.000000  0.000000  0.000000  0.000000  0.000000  0.000000  0.000000  0.000000  0.000000  0.000000  0.000000  0.000000  0.000000  0.000000  0.000000  0.000000  0.000000  0.000000  0.000000  0.001546  0.000000  0.000000  0.000000  0.000000  0.000000  0.000000  0.000000  0.000258  0.000000  0.000258  0.007990  0.000773  0.000000  0.000773  0.000000  0.000000  0.000000  0.002577  0.001031
0.000000  0.000000  0.000000  0.000000  0.000000  0.000000  0.000000  0.000000  0.000000  0.000000  0.000000  0.000000  0.000000  0.000000  0.000000  0.000000  0.000000  0.000000  0.000000  0.000000  0.000000  0.000000  0.003093  0.000000  0.000000  0.000000  0.000000  0.002577  0.003351  0.000000  0.000000  0.000000  0.000000  0.000000  0.007216  0.000000  0.000000  0.000000  0.000000  0.000000  0.000000  0.000000  0.000000
0.000000  0.000000  0.000000  0.000000  0.000000  0.000000  0.000000  0.000000  0.002320  0.000000  0.000000  0.000000  0.000000  0.000000  0.000000  0.000000  0.000000  0.000000  0.000000  0.000000  0.000258  0.000000  0.000000  0.000000  0.000000  0.000000  0.000000  0.000000  0.000000  0.000000  0.000000  0.000000  0.000000  0.000000  0.000000  0.000000  0.001804  0.000000  0.000000  0.000000  0.000000  0.000000  0.000000
0.000000  0.000000  0.000000  0.000000  0.000000  0.000000  0.000000  0.000000  0.000000  0.000000  0.000000  0.000000  0.000000  0.000000  0.000000  0.000000  0.000258  0.000000  0.000000  0.000000  0.000000  0.000000  0.000000  0.005412  0.000000  0.002835  0.000000  0.000000  0.000000  0.000000  0.000000  0.000000  0.000000  0.000000  0.006959  0.006443  0.003866  0.001804  0.000000  0.000000  0.000000  0.000000  0.000000
0.000000  0.000000  0.000000  0.000000  0.000000  0.000000  0.000000  0.000000  0.000000  0.000000  0.000000  0.000000  0.000000  0.000000  0.000000  0.000000  0.000000  0.002577  0.000000  0.000000  0.000000  0.000000  0.000000  0.000000  0.000000  0.000000  0.000000  0.000000  0.000000  0.000000  0.000000  0.000000  0.000000  0.000000  0.000000  0.000000  0.000000  0.000000  0.000000  0.000258  0.000000  0.000000  0.000000
0.000000  0.000000  0.000000  0.003093  0.000000  0.000000  0.000258  0.000000  0.000000  0.000000  0.000000  0.000000  0.000000  0.000000  0.000000  0.000000  0.002577  0.000000  0.000000  0.000000  0.000000  0.000000  0.000000  0.000515  0.000000  0.000258  0.000000  0.000000  0.000000  0.000000  0.000000  0.000000  0.000000  0.000000  0.000515  0.000000  0.000000  0.000000  0.000000  0.000000  0.000000  0.000000  0.000000
0.000000  0.000000  0.000000  0.000000  0.000000  0.000000  0.000258  0.000000  0.000000  0.000000  0.000000  0.000000  0.000000  0.000000  0.001546  0.000000  0.000000  0.000000  0.000000  0.000000  0.000000  0.000000  0.000000  0.000000  0.000000  0.007990  0.000000  0.000000  0.000000  0.000000  0.000000  0.000000  0.000000  0.002062  0.005928  0.000000  0.000000  0.000258  0.000000  0.000000  0.000000  0.000258  0.000000
0.000000  0.000000  0.000000  0.000000  0.000000  0.000000  0.000000  0.000000  0.000000  0.000000  0.000000  0.000000  0.000000  0.000000  0.000000  0.000000  0.000000  0.000258  0.000000  0.000000  0.000000  0.000000  0.000258  0.000000  0.000000  0.000000  0.000000  0.000000  0.000000  0.002577  0.000000  0.000000  0.000000  0.000000  0.006959  0.000000  0.000000  0.000000  0.000000  0.000000  0.000000  0.000000  0.000000
0.000000  0.000000  0.000000  0.000000  0.000000  0.000000  0.000000  0.000000  0.000000  0.000000  0.000000  0.000000  0.000000  0.000000  0.000000  0.000000  0.000000  0.000258  0.000000  0.000000  0.000000  0.000000  0.000000  0.000000  0.000000  0.001031  0.000000  0.000000  0.000000  0.002320  0.000000  0.000000  0.000000  0.004124  0.006701  0.000258  0.000000  0.000000  0.000000  0.000000  0.000000  0.000000  0.000000
0.000000  0.000000  0.000000  0.000000  0.000000  0.000000  0.000000  0.000000  0.000000  0.000000  0.000000  0.000000  0.000000  0.000000  0.000000  0.003351  0.000000  0.000000  0.000000  0.000000  0.000000  0.000000  0.000258  0.000000  0.000000  0.000000  0.000000  0.000000  0.000000  0.001289  0.000000  0.000000  0.000000  0.000000  0.002835  0.000000  0.000000  0.000000  0.000000  0.000000  0.000000  0.000258  0.000000
0.000000  0.000000  0.000000  0.000000  0.000000  0.000000  0.000000  0.000000  0.000000  0.000000  0.000000  0.000000  0.000000  0.000000  0.000000  0.000000  0.000000  0.000000  0.000000  0.000000  0.000000  0.000000  0.000000  0.000258  0.000000  0.000000  0.000000  0.000000  0.000000  0.000000  0.000000  0.000000  0.000000  0.000000  0.000000  0.000000  0.000000  0.000000  0.000000  0.000000  0.000000  0.000000  0.000000
0.000000  0.000000  0.000000  0.000000  0.000000  0.000000  0.000000  0.000000  0.000000  0.000000  0.000000  0.000000  0.000000  0.000000  0.000000  0.000000  0.000000  0.000000  0.000000  0.000000  0.000000  0.000000  0.000000  0.000000  0.000000  0.000000  0.000000  0.000000  0.000000  0.002577  0.000000  0.000000  0.000000  0.000000  0.002577  0.000515  0.000000  0.000000  0.000000  0.000000  0.000000  0.000000  0.000000
0.000000  0.000000  0.000000  0.000000  0.000000  0.000000  0.000000  0.000000  0.000000  0.000000  0.000000  0.000000  0.000000  0.000000  0.000000  0.000000  0.000000  0.000000  0.000000  0.000000  0.000000  0.000000  0.000000  0.000000  0.000000  0.000000  0.000000  0.000000  0.002062  0.002577  0.000000  0.000000  0.001804  0.000000  0.002577  0.000000  0.000258  0.000000  0.000000  0.001289  0.000000  0.000000  0.000000
0.000000  0.000000  0.000000  0.000000  0.000000  0.000000  0.000000  0.000000  0.000000  0.000000  0.000000  0.000000  0.000000  0.000000  0.000000  0.000000  0.000000  0.000000  0.001289  0.000000  0.000000  0.000000  0.001289  0.000000  0.000000  0.000000  0.000000  0.000000  0.001031  0.001031  0.000000  0.000000  0.000000  0.002062  0.001031  0.000000  0.000000  0.000000  0.000000  0.000000  0.000000  0.000000  0.000000
0.000000  0.000000  0.000000  0.000000  0.000000  0.000000  0.003351  0.000000  0.000000  0.000000  0.000000  0.000000  0.000000  0.000000  0.000000  0.000000  0.000000  0.000000  0.000258  0.000000  0.000000  0.000000  0.000000  0.000000  0.000000  0.001031  0.000000  0.005412  0.000000  0.000000  0.000000  0.000000  0.000000  0.000000  0.002320  0.000000  0.000000  0.000000  0.000000  0.000000  0.000000  0.000000  0.000000
0.000000  0.000000  0.000000  0.000000  0.000000  0.000000  0.000000  0.000000  0.000000  0.000000  0.000000  0.000000  0.000000  0.000000  0.000000  0.000000  0.000000  0.003093  0.000000  0.000000  0.000000  0.000000  0.000258  0.000258  0.000000  0.000000  0.000000  0.000000  0.000000  0.000000  0.000000  0.000000  0.000000  0.000000  0.003093  0.000000  0.000000  0.000000  0.000000  0.000000  0.000000  0.000000  0.000000
0.000000  0.000000  0.000000  0.000000  0.000000  0.000000  0.001289  0.000000  0.001804  0.000000  0.000000  0.000000  0.000000  0.000000  0.000000  0.000000  0.000000  0.000515  0.000000  0.000000  0.000000  0.000000  0.000258  0.000258  0.000000  0.000258  0.000000  0.000000  0.000000  0.000000  0.000515  0.000000  0.000000  0.000000  0.010052  0.000258  0.001289  0.000000  0.000000  0.000000  0.000000  0.000000  0.000000
0.000000  0.000000  0.000000  0.000000  0.000000  0.000000  0.000000  0.000000  0.000000  0.000000  0.000000  0.000000  0.000000  0.000000  0.000000  0.000000  0.000000  0.000000  0.000000  0.000000  0.003093  0.000000  0.000000  0.000000  0.000000  0.000000  0.000000  0.000000  0.000000  0.000000  0.000000  0.000000  0.002062  0.000000  0.012887  0.000000  0.000000  0.000000  0.000000  0.000000  0.000000  0.000258  0.000000
0.000000  0.000000  0.000000  0.000000  0.000000  0.000000  0.000773  0.000000  0.000000  0.000000  0.000000  0.000000  0.000000  0.000000  0.000000  0.000000  0.000258  0.000000  0.002320  0.000000  0.000000  0.000000  0.000515  0.000000  0.000515  0.003608  0.000000  0.000000  0.000000  0.000000  0.000000  0.000000  0.000000  0.000000  0.010567  0.000000  0.000000  0.000000  0.000000  0.000000  0.000000  0.000000  0.000000
0.000000  0.000000  0.000000  0.000000  0.000000  0.000000  0.000000  0.000258  0.000000  0.000515  0.000000  0.000000  0.000000  0.000000  0.000000  0.000000  0.000000  0.000000  0.000773  0.000000  0.000000  0.000000  0.000000  0.000000  0.000000  0.004639  0.000000  0.000000  0.000000  0.006186  0.000000  0.000000  0.000000  0.000000  0.010052  0.000000  0.000000  0.000000  0.000000  0.000258  0.000000  0.000000  0.000000
0.000000  0.003866  0.000000  0.000000  0.000000  0.000000  0.000000  0.002577  0.001031  0.000000  0.000000  0.000000  0.000000  0.000000  0.000000  0.000000  0.000000  0.000000  0.000000  0.000000  0.000000  0.000000  0.007990  0.000000  0.000000  0.005670  0.000000  0.000000  0.000000  0.000000  0.000000  0.000000  0.003351  0.000000  0.011856  0.000000  0.001804  0.000000  0.003866  0.000000  0.000000  0.000000  0.000000
0.000000  0.000000  0.000000  0.000000  0.000000  0.000000  0.000000  0.000000  0.000000  0.000000  0.000000  0.000000  0.000000  0.000000  0.000000  0.000000  0.000000  0.001031  0.000000  0.000000  0.000000  0.000000  0.000000  0.000000  0.000000  0.000000  0.000000  0.000000  0.000000  0.000000  0.000000  0.000000  0.000000  0.000000  0.001031  0.000000  0.000000  0.000000  0.000000  0.000000  0.000000  0.000000  0.000000
0.000000  0.000000  0.000000  0.000000  0.000000  0.000000  0.000000  0.000000  0.000000  0.000000  0.000000  0.000000  0.000000  0.000000  0.000000  0.000000  0.000000  0.000000  0.000000  0.000000  0.011340  0.000000  0.000000  0.000000  0.000000  0.000000  0.000000  0.000000  0.000000  0.000000  0.000000  0.000000  0.002062  0.000000  0.002062  0.000258  0.000000  0.000000  0.001289  0.000515  0.000000  0.000258  0.000000
0.000000  0.000000  0.000000  0.002577  0.000000  0.000000  0.000000  0.000000  0.000000  0.000000  0.000000  0.000000  0.000000  0.000515  0.000000  0.000000  0.000000  0.001804  0.000000  0.000000  0.000000  0.000000  0.000000  0.000000  0.000000  0.006186  0.000000  0.000000  0.000000  0.000000  0.000000  0.001289  0.000000  0.007474  0.003093  0.000000  0.000000  0.000000  0.000000  0.000000  0.000000  0.000258  0.000000
0.000000  0.000000  0.000000  0.000000  0.000000  0.000000  0.000000  0.000000  0.000000  0.000000  0.000000  0.000000  0.000000  0.000000  0.000000  0.000000  0.000000  0.000000  0.000000  0.000000  0.000000  0.000000  0.000000  0.000000  0.000000  0.000000  0.000000  0.000773  0.000000  0.000258  0.000000  0.000000  0.000000  0.000000  0.000515  0.000000  0.000000  0.000000  0.000000  0.000000  0.000000  0.000258  0.000000
0.000000  0.000000  0.000000  0.002062  0.000000  0.000000  0.002062  0.000258  0.000000  0.000000  0.004381  0.000000  0.000000  0.001031  0.000000  0.000000  0.000000  0.001804  0.002835  0.003608  0.000000  0.000258  0.013660  0.004639  0.000000  0.009794  0.000000  0.006701  0.000000  0.002320  0.006959  0.003093  0.000000  0.001546  0.064433  0.000000  0.000000  0.000773  0.000000  0.000515  0.000000  0.011082  0.000000
0.000000  0.000000  0.000000  0.000000  0.000000  0.000000  0.000000  0.000000  0.000000  0.000000  0.000000  0.000000  0.000000  0.000000  0.000000  0.000000  0.000000  0.000000  0.000000  0.000000  0.000000  0.000000  0.000000  0.000000  0.000000  0.000000  0.000000  0.000000  0.000000  0.000000  0.000000  0.000000  0.000000  0.000000  0.011082  0.000258  0.000258  0.000258  0.000000  0.000515  0.000000  0.000000  0.000000
0.000000  0.000258  0.000000  0.000000  0.000000  0.000000  0.000000  0.000773  0.000000  0.001289  0.000000  0.000000  0.000000  0.000000  0.003351  0.000000  0.000000  0.000000  0.002062  0.000000  0.000000  0.000000  0.002320  0.000000  0.000000  0.002835  0.000000  0.000000  0.004897  0.000258  0.000000  0.000000  0.000000  0.000000  0.016495  0.000515  0.000258  0.000000  0.000000  0.000258  0.000000  0.000000  0.000000
0.000000  0.000000  0.000000  0.000000  0.000000  0.000000  0.000000  0.000000  0.000258  0.000000  0.000000  0.000000  0.000258  0.000000  0.000000  0.000000  0.000000  0.000258  0.000515  0.003093  0.000000  0.000000  0.000000  0.000000  0.000000  0.003351  0.000000  0.002577  0.000000  0.000000  0.000000  0.000000  0.000000  0.000000  0.004639  0.000000  0.000000  0.000000  0.000000  0.000000  0.000000  0.000000  0.000000
0.000000  0.000000  0.000000  0.000000  0.000000  0.000000  0.000000  0.004124  0.000000  0.000000  0.000000  0.000000  0.000000  0.000000  0.000000  0.000000  0.000000  0.000000  0.002062  0.003093  0.000000  0.000000  0.002577  0.000000  0.000000  0.000000  0.000000  0.002320  0.000515  0.000000  0.000000  0.000000  0.000000  0.000000  0.015979  0.000000  0.000000  0.000000  0.000000  0.000000  0.000000  0.000000  0.000000
0.000000  0.000000  0.000000  0.000000  0.000000  0.000000  0.000000  0.000000  0.000000  0.000000  0.000000  0.000000  0.000000  0.000000  0.000000  0.000000  0.000258  0.006701  0.000000  0.000000  0.000000  0.000000  0.000258  0.000000  0.000000  0.000000  0.000000  0.000000  0.000000  0.000000  0.000000  0.000000  0.000000  0.000000  0.004381  0.000000  0.000000  0.000000  0.000000  0.000000  0.000000  0.000000  0.002835
0.000000  0.000000  0.000000  0.000000  0.000000  0.000000  0.000000  0.000000  0.000258  0.000000  0.000000  0.000000  0.000000  0.000000  0.000000  0.000000  0.000000  0.000258  0.002062  0.000000  0.000000  0.000000  0.000000  0.000000  0.000000  0.005928  0.000000  0.002835  0.000000  0.000000  0.000000  0.000258  0.000000  0.000000  0.005670  0.001804  0.000000  0.000000  0.000000  0.000000  0.000000  0.000000  0.003351
0.000000  0.000000  0.000000  0.000000  0.000000  0.000000  0.000000  0.000000  0.000000  0.000000  0.000000  0.000000  0.002577  0.000000  0.000000  0.000000  0.000000  0.000000  0.002835  0.000000  0.000000  0.000000  0.000000  0.000000  0.000000  0.000000  0.000000  0.004639  0.000000  0.000000  0.000000  0.000000  0.000000  0.001804  0.002062  0.000000  0.000000  0.000000  0.000000  0.000000  0.000000  0.000000  0.000000
0.000000  0.000000  0.000000  0.000000  0.000000  0.000000  0.000000  0.002835  0.002835  0.004639  0.000000  0.000000  0.000000  0.000000  0.000000  0.005670  0.000258  0.001804  0.004381  0.000773  0.008247  0.000000  0.000258  0.000000  0.000000  0.019845  0.002835  0.000515  0.000773  0.006443  0.004124  0.000258  0.002062  0.000000  0.000258  0.000258  0.002320  0.000000  0.000000  0.000000  0.000258  0.000515  0.000000
0.000000  0.011082  0.000000  0.006186  0.000000  0.000258  0.006701  0.004639  0.003351  0.000000  0.003866  0.000000  0.000000  0.003351  0.004639  0.003093  0.001031  0.003093  0.009021  0.004381  0.003351  0.005155  0.002835  0.004897  0.000000  0.062113  0.000258  0.010825  0.005155  0.013660  0.005412  0.003866  0.000258  0.007990  0.017010  0.001289  0.004124  0.000773  0.000000  0.001289  0.000258  0.000773  0.001804
0.000000  0.000515  0.000000  0.000000  0.000000  0.000000  0.000000  0.000000  0.000000  0.000000  0.000000  0.000000  0.000000  0.000000  0.000000  0.000000  0.000000  0.000258  0.002062  0.000258  0.000000  0.000000  0.000773  0.000000  0.000258  0.000515  0.000000  0.000000  0.000258  0.002835  0.000000  0.002835  0.000000  0.000515  0.000515  0.000000  0.000000  0.000000  0.000000  0.001546  0.000258  0.000258  0.002062
0.000000  0.000000  0.000000  0.000000  0.000000  0.000000  0.000000  0.000000  0.000000  0.000000  0.000000  0.000000  0.000000  0.000000  0.000000  0.000000  0.000000  0.000000  0.000000  0.000000  0.000000  0.000000  0.000515  0.000000  0.000000  0.000000  0.000000  0.000000  0.002062  0.000000  0.000000  0.000000  0.000000  0.000000  0.018557  0.000258  0.000000  0.000000  0.000000  0.000000  0.000000  0.000515  0.000000
0.000000  0.000000  0.000000  0.000000  0.000000  0.000000  0.000000  0.000000  0.000000  0.000000  0.000000  0.000000  0.000000  0.000000  0.000000  0.000000  0.000000  0.000258  0.000000  0.000000  0.000000  0.000000  0.000000  0.000000  0.000000  0.000258  0.000000  0.000000  0.000000  0.000000  0.000000  0.000515  0.000000  0.000258  0.006186  0.000000  0.000000  0.000000  0.000000  0.000000  0.000000  0.000000  0.000000
0.000000  0.000000  0.000000  0.000000  0.000000  0.000000  0.000000  0.000000  0.000000  0.000000  0.000000  0.000000  0.000000  0.000000  0.000000  0.000000  0.000000  0.000000  0.000000  0.000000  0.000000  0.000000  0.000000  0.000000  0.000000  0.000000  0.000000  0.000000  0.000000  0.000000  0.000000  0.000000  0.000000  0.000000  0.007474  0.000000  0.000000  0.000000  0.000000  0.000000  0.000000  0.000000  0.001031
0.000000  0.000000  0.000000  0.000000  0.000000  0.000000  0.000000  0.000000  0.000000  0.000000  0.000000  0.000000  0.000000  0.000000  0.000000  0.000000  0.000000  0.000258  0.000000  0.000000  0.000000  0.000000  0.000000  0.000000  0.000000  0.000000  0.000000  0.000000  0.003608  0.001031  0.000000  0.000000  0.000000  0.000000  0.002577  0.000000  0.000000  0.000000  0.000000  0.000000  0.000000  0.000000  0.000000
0.000258  0.000000  0.000000  0.000000  0.000000  0.000000  0.000000  0.000000  0.000000  0.000000  0.000000  0.000000  0.000000  0.000000  0.000000  0.000000  0.000000  0.000000  0.000000  0.000258  0.000000  0.000000  0.000000  0.000000  0.000000  0.000000  0.000000  0.000000  0.000000  0.000000  0.000000  0.000000  0.000000  0.000000  0.000515  0.000000  0.000000  0.000000  0.000000  0.000000  0.000000  0.000000  0.000000
0.000000  0.000000  0.000000  0.000000  0.000000  0.000000  0.000000  0.000000  0.000000  0.000000  0.000000  0.000000  0.000000  0.000000  0.000773  0.000000  0.000000  0.000000  0.000258  0.000258  0.000000  0.000000  0.000000  0.000000  0.000000  0.006186  0.000000  0.000258  0.000000  0.000000  0.000258  0.000000  0.000000  0.002062  0.008247  0.000000  0.000000  0.000000  0.000258  0.000000  0.000000  0.000000  0.000258
0.000000  0.002062  0.000000  0.000000  0.000000  0.000000  0.000000  0.000000  0.000000  0.000000  0.000000  0.000000  0.000000  0.000000  0.000000  0.000000  0.000000  0.000000  0.000000  0.000000  0.000000  0.000000  0.000000  0.000000  0.000000  0.000000  0.000000  0.000000  0.000000  0.001289  0.000000  0.000258  0.001289  0.000000  0.000258  0.004639  0.000258  0.000000  0.000258  0.000000  0.000000  0.000000  0.000000
