[[  1.17496844e-03   6.04418991e-03   1.18034609e-02   6.38855910e-03
    1.67005058e-03   4.04889635e-04   1.25433308e-04   2.01971207e-04
    1.70249622e-03   6.75625061e-03   1.15017311e-02   6.99088453e-03
    2.44276674e-03   6.36757455e-04   1.84586453e-04   3.41148022e-04
    4.21295934e-03   1.62746692e-02   2.51497070e-02   1.50791934e-02
    6.84749753e-03   2.58755392e-03   9.65112313e-04   8.86123102e-04
    3.01394033e-03   1.23345068e-02   2.31092397e-02   1.23943273e-02
    3.79782631e-03   1.73689263e-03   1.70408175e-03   1.33442288e-03
    2.60780300e-03   1.01573157e-02   2.31973383e-02   1.67253745e-02
    7.80365568e-03   3.80360852e-03   3.94520356e-03   2.56476202e-03
    1.21758065e-03   7.15369013e-03   1.71801329e-02   1.45341683e-02
    7.69672355e-03   2.14614250e-03   5.04222174e-04   3.37138900e-04
    1.17206134e-04   6.96479852e-04   1.66067632e-03   1.43795815e-03
    8.89805676e-04   3.00478790e-04   5.99520998e-05   2.85809025e-05
    1.44768072e-05   7.81255733e-05   1.57659508e-04   8.63022681e-05
    2.17302294e-05   4.79812476e-06   1.49815132e-06   2.45451475e-06
    1.65111932e-04   3.46054013e-04   5.30753585e-04   2.79469581e-04
    6.95402638e-05   1.64916206e-05   1.63186924e-05   6.24006338e-05
    1.09099936e-02   7.23382717e-03   6.34669481e-03   5.63675239e-03
    5.46742531e-03   3.57831602e-03   3.45219160e-03   7.15854520e-03
    5.57649929e-03   6.16080924e-03   8.39068116e-03   8.04452577e-03
    9.82053962e-03   9.44571831e-03   5.88537705e-03   4.17257790e-03
    7.67779025e-03   7.00867175e-03   6.84269972e-03   5.61295148e-03
    7.32997210e-03   8.65608650e-03   7.88952806e-03   6.22919280e-03
    8.47109722e-03   6.24710057e-03   7.16612152e-03   6.01314278e-03
    4.62140902e-03   5.74123957e-03   1.12502372e-02   1.06209004e-02
    4.00155264e-03   4.06227153e-03   8.05879446e-03   1.10280225e-02
    1.15237591e-02   6.60380224e-03   6.72918741e-03   6.21675674e-03
    4.08101055e-04   1.21367701e-03   3.36399716e-03   6.77027766e-03
    1.06808141e-02   5.90194227e-03   1.58144715e-03   5.48066013e-04
    4.46470075e-04   5.37160437e-04   7.26171012e-04   9.76005891e-04
    1.45938885e-03   8.33525101e-04   2.31074794e-04   2.24088504e-04
    6.20842598e-03   4.48808465e-03   2.54256906e-03   1.28118915e-03
    8.03602213e-04   5.91338752e-04   1.04771833e-03   3.26417545e-03
    9.53703543e-03   6.54053379e-03   5.25962990e-03   6.01624528e-03
    8.60871443e-03   6.01405912e-03   4.52319513e-03   6.43117022e-03
    9.36136665e-03   6.39336622e-03   5.56873009e-03   6.53455237e-03
    9.40810140e-03   7.47438380e-03   4.67239697e-03   5.82017991e-03
    8.69883803e-03   6.18759851e-03   5.33185064e-03   5.42492436e-03
    6.99459946e-03   6.80813829e-03   6.22741277e-03   6.50115345e-03
    7.72421045e-03   4.52168680e-03   3.43780546e-03   3.28864893e-03
    3.40804342e-03   3.99194424e-03   7.31145702e-03   8.15782071e-03
    4.46139358e-03   3.42659311e-03   5.52686972e-03   8.34390363e-03
    1.04287436e-02   6.75234065e-03   6.92260236e-03   6.52379067e-03
    6.32855127e-04   9.44313415e-04   2.58813593e-03   7.38689874e-03
    1.37082819e-02   7.78723897e-03   2.27798759e-03   9.86919747e-04
    1.55293768e-03   1.74104143e-03   1.85073818e-03   2.46561587e-03
    3.87859214e-03   2.23248015e-03   7.40233913e-04   8.14679454e-04
    7.13444184e-03   8.07402030e-03   6.68962187e-03   3.41609118e-03
    2.62086013e-03   2.27811785e-03   2.42969094e-03   3.77272090e-03]
 [  1.73286868e-03   7.10148617e-03   1.15440792e-02   6.42674260e-03
    2.01506233e-03   5.03649883e-04   1.50339734e-04   3.00239085e-04
    5.52789621e-03   4.60808998e-03   6.12837196e-03   4.59929433e-03
    2.11648705e-03   8.85826076e-04   1.24370281e-03   3.50683104e-03
    2.60049893e-03   8.58745557e-03   1.92899793e-02   1.92034169e-02
    1.50058817e-02   6.99552299e-03   2.34771241e-03   1.33792551e-03
    3.63392790e-03   1.36723971e-02   2.09560236e-02   1.30326476e-02
    6.97783788e-03   3.43127947e-03   1.60995746e-03   1.00923263e-03
    3.03154602e-03   1.41168347e-02   2.68865289e-02   1.44490378e-02
    4.21380966e-03   1.46012965e-03   9.84537878e-04   8.93401515e-04
    1.05857919e-03   5.87461849e-03   1.24117484e-02   7.24049800e-03
    2.12178635e-03   5.37025192e-04   1.50939128e-04   1.93007259e-04
    4.59269383e-05   2.45206251e-04   4.91087448e-04   2.67586132e-04
    6.64661743e-05   1.43360163e-05   4.44734407e-06   7.73131080e-06
    1.28471279e-04   1.44291123e-04   1.73639619e-04   8.82817225e-05
    2.12097945e-05   6.16939272e-06   1.27274469e-05   5.80671046e-05
    5.41746843e-03   2.63507541e-03   7.43099446e-04   2.80797322e-04
    1.11592684e-04   1.92048336e-04   8.25330533e-04   3.03721887e-03
    1.39001885e-02   7.35493974e-03   4.46536640e-03   5.95051136e-03
    8.79701903e-03   5.56449771e-03   4.87268274e-03   9.61039225e-03
    1.07485286e-02   6.73121330e-03   5.75169832e-03   6.87271195e-03
    9.71225020e-03   8.11671463e-03   5.26019870e-03   6.92002496e-03
    4.64041321e-03   5.15473314e-03   6.35255751e-03   6.41183526e-03
    9.92002242e-03   1.11849156e-02   7.19494043e-03   3.98919424e-03
    7.22685403e-03   7.57665208e-03   9.75426706e-03   6.97802243e-03
    5.09080697e-03   5.81433118e-03   8.55986166e-03   7.33397352e-03
    2.67073779e-03   4.96426236e-03   1.04327333e-02   1.04611742e-02
    8.28792558e-03   4.39348220e-03   4.17637023e-03   3.48922185e-03
    3.46668811e-04   1.12855178e-03   2.58635015e-03   3.37335338e-03
    4.23884821e-03   2.27184751e-03   6.18685362e-04   2.53847236e-04
    2.11354678e-03   1.74012575e-03   1.00910453e-03   4.84711540e-04
    3.28653088e-04   2.06741083e-04   2.68779299e-04   9.83283092e-04
    1.12215151e-02   8.21121584e-03   4.27341824e-03   2.26404141e-03
    2.21322913e-03   1.84351589e-03   2.51376860e-03   6.15889623e-03
    7.83425223e-03   5.49362181e-03   4.60862442e-03   5.97617910e-03
    9.37277128e-03   6.73549124e-03   4.95893546e-03   5.68460466e-03
    9.88928768e-03   6.12127918e-03   4.67692435e-03   6.58398342e-03
    1.02453275e-02   6.91208236e-03   3.86803342e-03   5.85226458e-03
    7.92502422e-03   6.10513826e-03   5.99230960e-03   6.23286036e-03
    8.11997174e-03   7.59422740e-03   5.91906779e-03   5.73448374e-03
    8.17868132e-03   5.42915186e-03   4.56480552e-03   4.12021975e-03
    4.34970865e-03   4.78985658e-03   7.11874642e-03   7.70397381e-03
    4.21247453e-03   3.63148131e-03   5.96188105e-03   8.13286062e-03
    9.60219654e-03   6.22969163e-03   6.36456483e-03   5.92021563e-03
    6.64851247e-04   1.05538274e-03   2.45505219e-03   5.76117255e-03
    1.01622886e-02   5.75996721e-03   1.70516958e-03   7.95298394e-04
    3.17873726e-03   3.42346289e-03   2.74969588e-03   1.84256132e-03
    1.97015507e-03   1.23743945e-03   7.80213117e-04   1.51890066e-03
    7.72481211e-03   1.00824450e-02   9.33782767e-03   4.84006008e-03
    3.87281409e-03   3.83834853e-03   4.00044835e-03   4.42974715e-03]
 [  2.82485585e-03   4.11294669e-03   7.07877293e-03   5.22772141e-03
    2.26279780e-03   7.53876936e-04   5.89021692e-04   1.55626429e-03
    2.19496480e-02   8.99128388e-03   2.12585516e-03   1.27348958e-03
    1.51099511e-03   2.17578986e-03   6.34586644e-03   1.63642457e-02
    1.28362972e-02   6.75070565e-03   5.14552114e-03   5.46589348e-03
    5.40379592e-03   3.14470239e-03   3.04552793e-03   8.29891183e-03
    2.05626195e-03   6.67177584e-03   1.54732139e-02   1.72833445e-02
    1.64242625e-02   9.12902014e-03   3.59096203e-03   1.52141637e-03
    3.74362099e-03   1.44616144e-02   2.23479420e-02   1.33993188e-02
    6.08466246e-03   2.29929140e-03   8.57595440e-04   7.87405902e-04
    1.51667168e-03   6.37586866e-03   1.02481117e-02   5.30251378e-03
    1.46726483e-03   3.51782056e-04   1.14642859e-04   2.49531739e-04
    1.46717888e-04   3.07502391e-04   4.71625787e-04   2.48335696e-04
    6.17932362e-05   1.46543966e-05   1.45007332e-05   5.54489859e-05
    5.23263514e-03   2.51660167e-03   5.19298133e-04   1.30334121e-04
    5.98572495e-05   1.44807317e-04   6.79203436e-04   2.78417303e-03
    2.34776734e-02   1.05527178e-02   1.88922253e-03   5.74313025e-04
    7.51352728e-04   1.61269268e-03   5.36290469e-03   1.49284399e-02
    9.25112486e-03   4.90236784e-03   3.41389994e-03   6.74400906e-03
    1.18185698e-02   7.21563495e-03   4.85484338e-03   6.94793667e-03
    1.29946169e-02   6.68457891e-03   3.78001839e-03   6.17445697e-03
    1.01794001e-02   6.34584831e-03   3.82187852e-03   7.78721106e-03
    5.48963476e-03   4.29883823e-03   4.56649995e-03   5.47939722e-03
    9.04201464e-03   9.77719559e-03   5.91172342e-03   4.07084422e-03
    4.56097710e-03   6.67931159e-03   9.49020664e-03   6.83662486e-03
    6.04218287e-03   6.32348242e-03   5.67577458e-03   3.91831648e-03
    1.84528843e-03   5.14810457e-03   1.00919250e-02   7.55730346e-03
    4.30722165e-03   2.19887015e-03   1.98635277e-03   1.56747464e-03
    8.62145803e-04   1.23267043e-03   1.79806108e-03   1.38730711e-03
    1.05836373e-03   5.26300519e-04   2.35794410e-04   4.19873622e-04
    5.49795013e-03   4.72859215e-03   2.52072749e-03   9.16561887e-04
    4.70191961e-04   3.97181749e-04   7.49481113e-04   2.56036398e-03
    1.03951696e-02   8.88383487e-03   5.93333587e-03   3.89162046e-03
    4.75626696e-03   4.15853296e-03   4.24858128e-03   6.29391690e-03
    4.63051314e-03   3.62751500e-03   3.51292016e-03   4.76456539e-03
    7.81265962e-03   6.17168197e-03   4.61918198e-03   3.86188189e-03
    7.67253099e-03   4.57071252e-03   3.43548013e-03   5.90164804e-03
    9.71463410e-03   5.73501229e-03   2.73611610e-03   4.44816737e-03
    7.36974725e-03   5.62761736e-03   5.49828589e-03   5.80916779e-03
    7.69705084e-03   6.79059755e-03   4.82952218e-03   4.95780448e-03
    7.27991497e-03   5.49818556e-03   5.17422062e-03   4.63738768e-03
    5.18718012e-03   5.37448790e-03   6.07088362e-03   6.15410981e-03
    3.44206784e-03   3.71181177e-03   6.17185661e-03   6.93037661e-03
    7.20151775e-03   4.72926617e-03   4.75760401e-03   4.31316170e-03
    9.31213225e-04   1.27344442e-03   2.11361443e-03   3.55157687e-03
    5.64559272e-03   3.19730783e-03   1.02405453e-03   6.89674561e-04
    4.75844984e-03   5.46677102e-03   4.32442257e-03   2.07402580e-03
    1.46106229e-03   1.15862134e-03   1.20307425e-03   2.28024035e-03
    6.22085070e-03   9.80215978e-03   1.03102757e-02   5.51415354e-03
    4.62344484e-03   5.24143654e-03   5.34930339e-03   4.12170698e-03]
 [  1.65975779e-02   7.09485997e-03   2.20981588e-03   1.29203101e-03
    1.00129791e-03   1.43885775e-03   4.49277397e-03   1.20756133e-02
    1.12654579e-02   5.00074369e-03   3.01833006e-03   7.67518216e-03
    1.37741228e-02   7.31865527e-03   5.05816663e-03   9.09929792e-03
    2.05986582e-02   8.91111846e-03   2.38344388e-03   3.78303248e-03
    6.95681733e-03   4.24922393e-03   5.19504384e-03   1.39853551e-02
    1.07567331e-02   5.77496438e-03   4.57346648e-03   5.55924331e-03
    6.46455296e-03   3.95716324e-03   2.89504113e-03   6.78657004e-03
    2.13342939e-03   7.04508273e-03   1.58253512e-02   1.57543361e-02
    1.23107103e-02   5.73907345e-03   1.92604526e-03   1.09762383e-03
    1.66334395e-03   4.21415848e-03   7.80491204e-03   5.50845062e-03
    2.24479797e-03   6.60351921e-04   3.01045888e-04   6.85905205e-04
    4.44444958e-03   2.16179567e-03   6.09633090e-04   2.30363971e-04
    9.15497830e-05   1.57554983e-04   6.77094844e-04   2.49171108e-03
    2.20527353e-02   1.04605702e-02   1.94852181e-03   5.14240005e-04
    6.00103147e-04   1.20499642e-03   4.08475539e-03   1.28395972e-02
    1.02285338e-02   4.75857588e-03   2.14324221e-03   4.80145181e-03
    9.33319233e-03   6.39636001e-03   5.22005395e-03   7.94945152e-03
    3.63386028e-03   2.24626403e-03   2.43838643e-03   5.60257383e-03
    1.02149184e-02   6.65739133e-03   4.14047336e-03   3.41679487e-03
    9.00595218e-03   4.68363925e-03   3.12260722e-03   6.84407869e-03
    1.20446213e-02   6.16147337e-03   2.56930877e-03   5.30021018e-03
    9.70278687e-03   5.33961010e-03   3.20080609e-03   4.40201171e-03
    7.43933966e-03   6.56001060e-03   4.10641793e-03   5.75381210e-03
    3.58006198e-03   5.23707484e-03   7.73626471e-03   6.64711708e-03
    7.45012250e-03   7.39691221e-03   4.79768264e-03   2.86571625e-03
    2.06146774e-03   5.03534600e-03   8.69397356e-03   5.71548338e-03
    2.89385655e-03   1.56478494e-03   1.17765382e-03   1.16003235e-03
    3.01829454e-03   2.38435519e-03   1.71958499e-03   9.38591472e-04
    5.00002778e-04   3.02546134e-04   4.81983276e-04   1.55172597e-03
    8.16404755e-03   8.32728427e-03   5.50152530e-03   2.24551287e-03
    1.41656904e-03   1.25468642e-03   1.63764268e-03   3.85550950e-03
    5.97976508e-03   6.87214044e-03   6.47775427e-03   4.88526791e-03
    6.48103539e-03   6.63104393e-03   6.41746113e-03   4.86157444e-03
    2.34509526e-03   2.25767870e-03   2.60916948e-03   3.41934531e-03
    5.73395306e-03   5.30143398e-03   4.17723665e-03   2.49004454e-03
    4.70786586e-03   2.83578022e-03   2.39370621e-03   4.83731797e-03
    8.20143157e-03   4.50308350e-03   1.81691802e-03   2.73846560e-03
    7.54318289e-03   5.35977356e-03   4.70483451e-03   5.30491017e-03
    7.40495119e-03   5.83659154e-03   3.83168781e-03   4.65735233e-03
    6.18760160e-03   5.13789474e-03   5.30945518e-03   4.93890755e-03
    5.93662073e-03   5.86518205e-03   5.10804167e-03   4.78676346e-03
    3.00604755e-03   3.85515599e-03   6.20878627e-03   5.75817439e-03
    5.16892823e-03   3.51942594e-03   3.37805171e-03   3.05379960e-03
    1.73084697e-03   1.92638487e-03   2.08996190e-03   2.14893835e-03
    2.75836400e-03   1.59585080e-03   7.02960001e-04   9.43756512e-04
    5.72362947e-03   7.44772595e-03   6.48512376e-03   2.98524434e-03
    1.92397506e-03   1.83800723e-03   2.03442621e-03   2.87040686e-03
    4.46377699e-03   8.66756704e-03   1.02047051e-02   5.62433992e-03
    4.95414094e-03   6.43988110e-03   6.48085366e-03   3.66331844e-03]
 [  1.49740498e-02   6.18116254e-03   2.25845340e-03   4.57896943e-03
    8.19956495e-03   5.05329425e-03   5.67459268e-03   1.18547713e-02
    9.14317296e-04   1.47292439e-03   3.82963773e-03   1.09657930e-02
    1.93233449e-02   8.91535184e-03   1.98607665e-03   9.02826953e-04
    3.63245668e-03   2.42261896e-03   3.94544546e-03   1.19675085e-02
    2.22928543e-02   1.05647697e-02   2.63097805e-03   2.67721929e-03
    2.01798016e-02   8.98777608e-03   2.39674739e-03   3.47056654e-03
    6.23951869e-03   3.71809827e-03   4.39847918e-03   1.28408251e-02
    1.10471856e-02   5.80979833e-03   4.42834300e-03   4.70406213e-03
    4.65061968e-03   2.70639658e-03   2.62104497e-03   7.14221691e-03
    1.13600571e-02   5.32613397e-03   2.62403193e-03   1.74195575e-03
    1.00183976e-03   9.96249375e-04   2.88655659e-03   8.02520298e-03
    2.02053763e-02   9.08188940e-03   1.62590438e-03   4.94265789e-04
    6.46629856e-04   1.38791702e-03   4.61542782e-03   1.28477273e-02
    8.97742784e-03   4.56178958e-03   1.88947193e-03   3.78648286e-03
    7.63299664e-03   5.62667214e-03   4.29373167e-03   6.34209760e-03
    1.10576979e-03   1.50175475e-03   3.60164609e-03   9.28197177e-03
    1.77618301e-02   1.28870230e-02   7.23951669e-03   2.81582146e-03
    9.55750853e-04   7.74328443e-04   1.22523031e-03   2.80374260e-03
    5.33116480e-03   4.44078807e-03   3.22385448e-03   1.56178130e-03
    3.52222783e-03   2.09264465e-03   2.27399248e-03   5.63951139e-03
    9.96878902e-03   4.82764271e-03   1.42183210e-03   2.11191115e-03
    1.12367120e-02   5.73915809e-03   2.80341562e-03   5.03146465e-03
    8.75494250e-03   5.23014037e-03   2.73394526e-03   6.13775436e-03
    6.03530496e-03   4.81333674e-03   5.41041473e-03   5.77476158e-03
    7.57759930e-03   6.92301677e-03   4.35713552e-03   4.15702959e-03
    4.11994845e-03   4.95855315e-03   6.79593370e-03   4.87030300e-03
    3.15919619e-03   1.92131709e-03   1.51249672e-03   2.47520636e-03
    6.89695359e-03   4.90648114e-03   2.51062740e-03   1.25153000e-03
    9.99079158e-04   8.08212367e-04   1.30168997e-03   3.69813462e-03
    7.36219861e-03   9.89559633e-03   8.71269488e-03   4.09575372e-03
    2.96902103e-03   2.95714190e-03   3.16250195e-03   3.84651464e-03
    2.80819527e-03   4.71347286e-03   5.67624820e-03   4.24373338e-03
    5.85040682e-03   8.04401811e-03   8.35319607e-03   3.97354391e-03
    1.32859293e-03   1.60512157e-03   2.10180739e-03   2.58717247e-03
    4.38935405e-03   4.67917578e-03   3.85645404e-03   1.84069792e-03
    2.34805119e-03   1.49898165e-03   1.57966616e-03   3.56430066e-03
    6.11593777e-03   3.27593235e-03   1.16281087e-03   1.41069495e-03
    7.19389262e-03   4.81119887e-03   3.85338461e-03   5.06495019e-03
    7.65825888e-03   5.23238611e-03   2.99999628e-03   4.19908808e-03
    5.79270450e-03   4.77225580e-03   4.99937897e-03   4.96126481e-03
    6.38936393e-03   5.98934953e-03   4.34483431e-03   4.09788010e-03
    3.27023784e-03   4.05262426e-03   5.89723253e-03   4.84381286e-03
    4.03693712e-03   2.90952634e-03   2.55690839e-03   2.56938641e-03
    3.09961251e-03   3.20499828e-03   2.67210105e-03   1.70722122e-03
    1.56913596e-03   1.02728004e-03   8.11824414e-04   1.57722093e-03
    5.69873149e-03   8.76145524e-03   8.63981803e-03   4.11093724e-03
    2.76270897e-03   3.01687050e-03   3.23883474e-03   3.14933984e-03
    3.21241760e-03   7.48775098e-03   9.57498793e-03   5.42573107e-03
    5.03680955e-03   7.31306870e-03   7.24968758e-03   3.33499493e-03]]
[[  2.63453750e-03   1.22681068e-02   2.33654934e-02   1.25568048e-02
    3.66197296e-03   1.26891239e-03   8.55603688e-04   7.76402460e-04
    3.30590828e-03   1.27741007e-02   2.10000745e-02   1.46108440e-02
    8.03765434e-03   3.26074577e-03   1.15308352e-03   8.08342601e-04
    1.22290227e-03   3.11352320e-03   4.68616385e-03   4.26214279e-03
    6.70233254e-03   8.87277732e-03   6.10446727e-03   2.01764506e-03
    5.27607805e-03   4.36053120e-03   3.19809860e-03   1.83660978e-03
    2.23086957e-03   3.95306510e-03   5.54324425e-03   4.50780400e-03
    9.05875510e-03   5.48749258e-03   4.08273147e-03   2.56154244e-03
    2.44524142e-03   8.06363018e-03   1.71284203e-02   1.24661115e-02
    2.37755763e-03   7.86482521e-03   1.80181698e-02   1.41102833e-02
    7.39108950e-03   3.80259363e-03   4.36335484e-03   2.92577066e-03
    9.88186735e-04   5.88080601e-03   1.37993457e-02   1.03582802e-02
    4.67813882e-03   1.26747146e-03   3.02925858e-04   2.33219331e-04
    5.60037167e-04   2.90660325e-03   5.70885024e-03   3.09365256e-03
    7.92367563e-04   1.85098649e-04   5.65868116e-05   9.49425532e-05
    1.50593377e-03   6.17148197e-03   1.00322771e-02   5.58510220e-03
    1.75117159e-03   4.37692350e-04   1.30651379e-04   2.60920046e-04
    8.60563485e-03   6.25264196e-03   6.56139867e-03   6.57907248e-03
    7.35894113e-03   5.48485409e-03   3.87197956e-03   5.72526221e-03
    4.47198271e-03   3.72628272e-03   4.10333217e-03   5.07169461e-03
    8.89920959e-03   9.98612058e-03   5.93600376e-03   3.53731308e-03
    8.46451612e-03   5.78640767e-03   3.74003385e-03   4.53059319e-03
    7.91431477e-03   8.00794604e-03   5.73272127e-03   5.60402500e-03
    9.15985619e-03   5.40189218e-03   3.08481858e-03   2.22994495e-03
    2.35786549e-03   4.15980757e-03   8.19301346e-03   8.75778798e-03
    6.30402742e-03   4.33928067e-03   6.10213324e-03   6.90533260e-03
    6.17749527e-03   5.24929335e-03   9.53981380e-03   9.49376162e-03
    1.19960554e-03   2.67056035e-03   6.32153525e-03   8.22450289e-03
    8.80651279e-03   4.44156572e-03   2.25564661e-03   1.58894124e-03
    6.87033395e-04   1.43635566e-03   2.53940227e-03   2.05384976e-03
    1.55450989e-03   7.46474103e-04   2.91344896e-04   3.40424238e-04
    5.85752478e-03   4.67735941e-03   4.40533464e-03   2.99775374e-03
    1.94361779e-03   1.17673678e-03   1.40742744e-03   3.44882699e-03
    8.52546427e-03   5.29918153e-03   4.20031277e-03   5.65960667e-03
    8.54950216e-03   5.67743441e-03   3.66618135e-03   5.54611815e-03
    7.78852954e-03   5.64130511e-03   5.10336885e-03   5.61683153e-03
    7.70875506e-03   6.28218810e-03   4.22117982e-03   4.90377990e-03
    7.85031477e-03   5.15897637e-03   4.22776258e-03   4.49264824e-03
    5.57445414e-03   5.26834336e-03   5.52214000e-03   6.10120743e-03
    6.49707552e-03   3.53394824e-03   1.88366696e-03   1.69096539e-03
    1.96198711e-03   2.51927776e-03   4.58550881e-03   5.74077415e-03
    5.37754345e-03   3.52695330e-03   4.46478256e-03   5.72096039e-03
    6.33301525e-03   4.94634697e-03   7.30856400e-03   7.40743763e-03
    1.22044460e-03   1.48398560e-03   3.35595348e-03   6.96349569e-03
    1.11225836e-02   6.34408948e-03   2.75515360e-03   1.82166550e-03
    1.52967016e-03   1.77454042e-03   2.12798462e-03   2.50083349e-03
    3.43553658e-03   1.96667975e-03   7.72210185e-04   8.74493567e-04
    6.82528316e-03   6.36721554e-03   5.17862011e-03   3.37577491e-03
    3.31536311e-03   2.60793121e-03   2.54344970e-03   4.01524047e-03]
 [  3.58290792e-03   1.38407795e-02   2.13885483e-02   1.28240881e-02
    5.82344883e-03   2.20058317e-03   8.20778999e-04   7.53602687e-04
    2.82163853e-03   6.03691195e-03   1.37205952e-02   1.46071571e-02
    1.22841591e-02   5.91805576e-03   2.08974064e-03   1.69695512e-03
    1.21662030e-03   2.01334841e-03   5.04146944e-03   9.67026186e-03
    1.79443927e-02   1.86743884e-02   1.08716686e-02   3.42333577e-03
    9.64177973e-04   1.61108066e-03   2.38100756e-03   3.22580633e-03
    8.00350866e-03   1.21555379e-02   8.30808296e-03   2.58145692e-03
    3.92580883e-03   4.51420977e-03   5.39461175e-03   2.93261106e-03
    1.88253021e-03   3.03594374e-03   4.66489079e-03   3.58168594e-03
    2.33621602e-03   1.10758046e-02   2.28287663e-02   1.32443525e-02
    4.36030686e-03   1.68188961e-03   1.27128172e-03   9.59794688e-04
    9.99250979e-04   5.14027650e-03   1.00382440e-02   5.43314500e-03
    1.42029319e-03   3.44338068e-04   1.06674657e-04   1.71766252e-04
    8.48025643e-04   3.45117283e-03   5.68660521e-03   3.12599920e-03
    9.17325815e-04   2.18567984e-04   7.12387095e-05   1.55903964e-04
    2.70358522e-03   3.93637852e-03   6.77488228e-03   5.00329613e-03
    2.16565623e-03   7.21513114e-04   5.63735081e-04   1.48945410e-03
    1.21218019e-02   6.40923779e-03   4.21602948e-03   5.99145685e-03
    8.93975519e-03   5.59498861e-03   3.98351602e-03   7.92568934e-03
    8.76678447e-03   5.01008660e-03   3.21248003e-03   4.28397231e-03
    7.47493459e-03   7.32448494e-03   4.54283079e-03   5.31417964e-03
    4.46294370e-03   3.71346553e-03   3.85439345e-03   5.31125745e-03
    9.51476276e-03   9.82594100e-03   5.50364683e-03   3.37796762e-03
    9.23430129e-03   6.52169522e-03   4.50257333e-03   3.48338680e-03
    4.41260268e-03   5.80229477e-03   7.45952419e-03   7.44086731e-03
    4.85883095e-03   5.50026984e-03   9.15642029e-03   7.97327728e-03
    5.56455286e-03   4.46952096e-03   7.20233382e-03   6.39799842e-03
    8.87455796e-04   2.88475535e-03   6.17104780e-03   5.55153018e-03
    4.20312761e-03   1.96296528e-03   1.02019657e-03   7.22599341e-04
    2.47070266e-03   2.29385107e-03   2.26421215e-03   1.36739741e-03
    6.97670644e-04   3.60208471e-04   4.37460736e-04   1.27863238e-03
    1.05586486e-02   6.33799988e-03   3.74028395e-03   3.13520640e-03
    3.49697335e-03   2.45540831e-03   2.94195975e-03   6.69923850e-03
    7.08721797e-03   4.26220913e-03   3.34702507e-03   5.46392107e-03
    8.98445348e-03   5.66212745e-03   3.42247267e-03   4.74052448e-03
    8.11465893e-03   5.49165772e-03   4.46747833e-03   5.60983881e-03
    8.31208906e-03   5.87958933e-03   3.51043132e-03   4.78740294e-03
    7.01428662e-03   5.26300661e-03   5.27591231e-03   5.42453105e-03
    6.49307223e-03   6.01349476e-03   5.71580934e-03   5.59841586e-03
    7.45952975e-03   4.43076421e-03   2.74566763e-03   2.55948319e-03
    3.11749231e-03   3.48634558e-03   4.94308034e-03   6.03404838e-03
    5.19958190e-03   3.78176853e-03   4.95724274e-03   5.78108565e-03
    6.05113981e-03   4.76022981e-03   6.86206086e-03   6.84787811e-03
    1.14186869e-03   1.64995175e-03   3.43569056e-03   5.73616983e-03
    8.38440937e-03   4.76200350e-03   2.10510628e-03   1.42748459e-03
    2.98530921e-03   3.10411898e-03   2.70009476e-03   1.90337797e-03
    1.90096904e-03   1.18954535e-03   8.17406753e-04   1.52724329e-03
    7.18683820e-03   7.32138086e-03   6.34625589e-03   4.23168775e-03
    4.57320663e-03   3.97682941e-03   3.80417100e-03   4.55913762e-03]
 [  2.13235858e-03   7.04154664e-03   1.58174081e-02   1.57464286e-02
    1.23045313e-02   5.73619287e-03   1.92507854e-03   1.09707291e-03
    1.65893793e-02   7.63708567e-03   3.22917368e-03   3.02739509e-03
    3.26505804e-03   2.25806294e-03   3.59038319e-03   1.08458855e-02
    9.10934723e-03   4.60795797e-03   2.39055833e-03   4.21075198e-03
    7.80772005e-03   6.85576446e-03   4.02853438e-03   5.41286460e-03
    1.05109727e-03   1.12134221e-03   2.75799462e-03   6.76699052e-03
    1.57347572e-02   1.97496662e-02   1.22122224e-02   3.73321416e-03
    1.15386523e-03   2.93775412e-03   4.42161381e-03   4.02153019e-03
    6.32396285e-03   8.37187858e-03   5.75984913e-03   1.90374207e-03
    3.44508865e-03   1.36683407e-02   2.10006194e-02   1.11860974e-02
    4.05271491e-03   1.40319542e-03   5.74982564e-04   6.72093716e-04
    1.42091863e-03   5.82308062e-03   9.46592056e-03   5.26980400e-03
    1.65231194e-03   4.12983113e-04   1.23275660e-04   2.46190213e-04
    2.92188760e-03   2.76835244e-03   3.73657323e-03   2.57668632e-03
    1.00999627e-03   3.84307871e-04   5.88124430e-04   1.73322419e-03
    1.65892471e-02   7.09129889e-03   2.20870672e-03   1.29138251e-03
    1.00079533e-03   1.43813555e-03   4.49051894e-03   1.20695523e-02
    9.55352659e-03   4.86069899e-03   3.22183053e-03   6.69261449e-03
    1.16274828e-02   6.25475918e-03   3.32489763e-03   6.27444156e-03
    1.19579345e-02   6.15447150e-03   2.85685029e-03   4.68079490e-03
    8.13741661e-03   5.35667007e-03   3.01778848e-03   6.46382548e-03
    4.76209114e-03   3.45337451e-03   3.34295940e-03   4.24531921e-03
    7.35322340e-03   7.89123652e-03   4.48831885e-03   3.24977477e-03
    5.88011845e-03   5.14747660e-03   4.75785056e-03   4.50966804e-03
    7.00521356e-03   8.02891176e-03   6.19130769e-03   4.59192354e-03
    3.55869536e-03   6.25861413e-03   1.06090848e-02   7.49414650e-03
    4.39131093e-03   3.49933529e-03   4.45762106e-03   3.54471097e-03
    1.25980833e-03   2.99574401e-03   5.26671820e-03   3.57470827e-03
    1.82766314e-03   8.08015319e-04   5.14342702e-04   6.40409712e-04
    6.44095654e-03   4.45234948e-03   2.53689028e-03   1.41470101e-03
    1.03239553e-03   7.63640715e-04   1.23857203e-03   3.54957591e-03
    1.06249874e-02   6.19306307e-03   3.50374998e-03   4.28866310e-03
    6.77796364e-03   4.80599475e-03   4.40763393e-03   7.35855434e-03
    4.43991459e-03   2.77714864e-03   2.46509683e-03   4.52047276e-03
    7.75682653e-03   4.96046852e-03   2.91215564e-03   3.19107654e-03
    6.71251179e-03   4.39747393e-03   3.50403415e-03   5.35737084e-03
    8.54091335e-03   5.34598490e-03   2.66364321e-03   3.83934231e-03
    6.54775430e-03   5.30569531e-03   5.58982469e-03   5.48432582e-03
    6.49176973e-03   5.88972523e-03   5.26087604e-03   5.00807061e-03
    7.42400709e-03   4.87544397e-03   3.64362020e-03   3.58631610e-03
    4.54533756e-03   4.61767422e-03   5.00966315e-03   5.67095863e-03
    4.68582984e-03   4.16678755e-03   5.73931877e-03   5.68731818e-03
    5.36601944e-03   4.31477901e-03   5.74664998e-03   5.52535107e-03
    1.31712950e-03   1.90993021e-03   3.31265558e-03   4.13237073e-03
    5.18498874e-03   2.94771433e-03   1.40628430e-03   1.14424561e-03
    4.66093247e-03   4.92954693e-03   3.92837062e-03   2.10178800e-03
    1.64709968e-03   1.26184812e-03   1.28266156e-03   2.38913201e-03
    5.87586740e-03   7.03847110e-03   6.92852182e-03   4.71394365e-03
    5.35315877e-03   5.27965227e-03   4.99906900e-03   4.25724693e-03]
 [  1.08930128e-02   5.72871767e-03   4.36654172e-03   4.63841295e-03
    4.58571634e-03   2.66862652e-03   2.58446607e-03   7.04254122e-03
    1.54707845e-02   6.86093944e-03   2.53177742e-03   5.70521747e-03
    1.07935738e-02   5.83071066e-03   4.49058447e-03   1.06485219e-02
    2.14438752e-02   1.01785435e-02   2.46619992e-03   2.71632396e-03
    4.64379727e-03   2.60331787e-03   2.66030054e-03   1.10307520e-02
    8.29072013e-03   4.07608280e-03   1.60601161e-03   2.95222726e-03
    6.25395304e-03   6.32607213e-03   3.86683139e-03   4.85064954e-03
    1.07874684e-03   1.78518574e-03   4.47014503e-03   8.57437966e-03
    1.59108448e-02   1.65581137e-02   9.63963701e-03   3.03538632e-03
    2.07724406e-03   8.06184210e-03   1.65368984e-02   1.50033886e-02
    1.07125444e-02   4.81041432e-03   1.61277113e-03   8.25672768e-04
    2.39720149e-03   3.49028851e-03   6.00711890e-03   4.43629771e-03
    1.92023329e-03   6.39747657e-04   4.99849816e-04   1.32066175e-03
    1.66680619e-02   6.97659688e-03   1.66444802e-03   8.03627391e-04
    7.60878857e-04   1.45944521e-03   4.78240392e-03   1.22512561e-02
    1.47650742e-02   6.09489917e-03   2.22693477e-03   4.51506603e-03
    8.08513307e-03   4.98277124e-03   5.59539893e-03   1.16893279e-02
    4.08842652e-03   2.32990195e-03   2.36636921e-03   5.80344827e-03
    1.03681494e-02   5.35387968e-03   2.13681961e-03   2.82533856e-03
    8.80210305e-03   4.65014579e-03   2.80758836e-03   6.09605300e-03
    1.06436447e-02   5.38833115e-03   1.99219267e-03   4.63535016e-03
    8.69834390e-03   4.98736222e-03   2.81410685e-03   3.23585603e-03
    5.27046223e-03   4.77877458e-03   3.01079246e-03   4.75756694e-03
    3.45618386e-03   3.39407616e-03   3.99127220e-03   4.62292897e-03
    7.97735178e-03   9.02891408e-03   5.47123136e-03   2.95062432e-03
    2.73311438e-03   5.96267903e-03   9.88518635e-03   6.76022668e-03
    4.44638958e-03   3.56543392e-03   2.89968678e-03   2.01905556e-03
    3.20581440e-03   3.45180365e-03   4.21861614e-03   2.74549444e-03
    1.46118071e-03   7.73563039e-04   7.81567252e-04   1.78591056e-03
    9.43978694e-03   6.51766744e-03   3.40189104e-03   2.17964806e-03
    2.52846708e-03   2.04086130e-03   2.50823128e-03   5.50750334e-03
    6.01430362e-03   3.98691846e-03   3.21287758e-03   5.11040673e-03
    8.93593765e-03   6.75073137e-03   5.33090463e-03   5.11994367e-03
    2.18322268e-03   1.53120865e-03   1.66549251e-03   3.17445656e-03
    5.57091080e-03   3.86167074e-03   2.34375003e-03   1.82913404e-03
    4.21711308e-03   2.78160817e-03   2.44395129e-03   4.53385166e-03
    7.56113576e-03   4.40142213e-03   1.79898317e-03   2.40126505e-03
    6.47044627e-03   5.18647133e-03   5.08973098e-03   5.04099122e-03
    6.32892453e-03   5.43249362e-03   4.45377789e-03   4.50561374e-03
    6.40084653e-03   4.66834187e-03   4.19489103e-03   4.30175936e-03
    5.56578029e-03   5.35972311e-03   4.67439632e-03   4.75504141e-03
    4.06934631e-03   4.35186288e-03   6.12940597e-03   5.32017613e-03
    4.67119888e-03   3.89064563e-03   4.42927912e-03   4.07227909e-03
    2.03335014e-03   2.39582462e-03   3.10720186e-03   2.84058399e-03
    2.88831119e-03   1.69698616e-03   1.01598890e-03   1.27923930e-03
    5.61745927e-03   6.55452306e-03   5.56136287e-03   2.83818427e-03
    2.19472937e-03   1.97458891e-03   2.09982182e-03   3.01691022e-03
    3.95478089e-03   5.90594001e-03   6.65174847e-03   4.52168858e-03
    5.25591862e-03   6.07047877e-03   5.78162743e-03   3.53301794e-03]
 [  1.90360898e-02   8.23514083e-03   2.20264113e-03   3.49606005e-03
    6.42908863e-03   3.92688725e-03   4.80095937e-03   1.29244572e-02
    1.72391723e-03   1.63231982e-03   3.79086580e-03   1.11368128e-02
    2.04477766e-02   9.58400410e-03   1.98769910e-03   1.32857616e-03
    5.07466222e-03   3.56958266e-03   5.04975417e-03   1.18695526e-02
    2.07516412e-02   9.68760129e-03   2.10073635e-03   2.73402948e-03
    2.15453500e-02   1.02855195e-02   2.33416243e-03   2.37029717e-03
    4.07370295e-03   2.28699828e-03   2.33198502e-03   1.06500538e-02
    8.42255989e-03   4.26054700e-03   2.21032530e-03   3.89328783e-03
    7.21906719e-03   6.33888305e-03   3.72480829e-03   5.00476874e-03
    6.81483738e-03   4.81212923e-03   6.48626519e-03   7.25041753e-03
    6.81559080e-03   3.58508760e-03   2.09024875e-03   4.36539921e-03
    1.53385225e-02   6.55665967e-03   2.04218416e-03   1.19402041e-03
    9.25341673e-04   1.32970920e-03   4.15196213e-03   1.11595842e-02
    1.32064351e-02   5.50731994e-03   2.30421670e-03   4.85642778e-03
    8.67281446e-03   5.37167484e-03   5.68082836e-03   1.08367253e-02
    1.83810574e-03   1.89836805e-03   4.17572394e-03   1.21215002e-02
    2.14614337e-02   9.95231530e-03   2.45899437e-03   1.65911994e-03
    1.06182839e-03   7.71912991e-04   1.24760324e-03   3.16333638e-03
    5.66910143e-03   3.06717980e-03   1.18672702e-03   8.88338602e-04
    3.75614343e-03   2.24108134e-03   2.33023402e-03   5.84794708e-03
    1.01333583e-02   4.81022582e-03   1.21631722e-03   2.00309361e-03
    1.09306951e-02   5.93341749e-03   2.87308650e-03   4.37478640e-03
    7.24458030e-03   4.27998804e-03   2.23681930e-03   5.59001702e-03
    5.46641036e-03   3.64356594e-03   3.16981692e-03   4.07735817e-03
    7.16180626e-03   7.73756222e-03   4.67357070e-03   3.73819634e-03
    3.81263018e-03   5.49023694e-03   8.26915700e-03   6.60230318e-03
    5.70055327e-03   4.52726689e-03   2.94695314e-03   2.57777133e-03
    7.36117771e-03   4.87492502e-03   3.52264732e-03   2.59260454e-03
    2.18997655e-03   1.46689720e-03   1.85654663e-03   4.51262989e-03
    8.41520330e-03   6.72933317e-03   4.58786762e-03   3.76119685e-03
    5.30828863e-03   4.51556578e-03   4.31686750e-03   5.59139927e-03
    2.35209616e-03   2.07239901e-03   2.48454008e-03   4.12431474e-03
    7.54236782e-03   7.08321426e-03   6.02442991e-03   3.28426679e-03
    1.18966743e-03   9.81507677e-04   1.28579330e-03   2.42719018e-03
    4.31490039e-03   3.29287644e-03   2.11100256e-03   1.23588284e-03
    2.23907015e-03   1.55312723e-03   1.67963287e-03   3.61962484e-03
    6.16519300e-03   3.46246305e-03   1.18835599e-03   1.30008072e-03
    6.35841664e-03   4.89513199e-03   4.41391888e-03   4.94277365e-03
    6.99877015e-03   5.49723346e-03   3.84711713e-03   4.10636275e-03
    5.97657397e-03   4.63813106e-03   4.61032522e-03   4.80888328e-03
    6.27979805e-03   5.80874319e-03   4.40291729e-03   4.26409599e-03
    4.10487964e-03   4.61237013e-03   6.30569683e-03   5.18779923e-03
    4.66353118e-03   3.98149275e-03   3.67248440e-03   3.38912451e-03
    3.53773225e-03   3.46502678e-03   3.34825434e-03   2.41019476e-03
    2.11396779e-03   1.38549516e-03   1.15589754e-03   2.01543306e-03
    5.79580831e-03   7.90073412e-03   7.55420060e-03   3.94551089e-03
    3.19485212e-03   3.27111563e-03   3.38733319e-03   3.42269996e-03
    2.68692386e-03   5.08350159e-03   6.37127545e-03   4.25758891e-03
    5.01798213e-03   6.80383575e-03   6.53197570e-03   3.11285125e-03]]
[[ 0.0035319   0.00406126  0.00485332  0.00263836  0.00169364  0.00273132
   0.00419682  0.0032223   0.00102487  0.00250331  0.00418408  0.00490549
   0.00850467  0.01082735  0.00718714  0.00225967  0.00073566  0.00047221
   0.00070179  0.00343566  0.01293058  0.01835898  0.01017201  0.00273107
   0.00747909  0.00569778  0.00207904  0.00273178  0.00754273  0.00786441
   0.00414984  0.00406957  0.01801342  0.01198006  0.00336063  0.00078554
   0.00104301  0.00390879  0.00870224  0.01147973  0.00828646  0.00435628
   0.0030021   0.00200825  0.00222129  0.00798088  0.01737059  0.01273137
   0.00199527  0.00777152  0.01774865  0.01279685  0.0059707   0.0029102
   0.00301854  0.00196234  0.00223291  0.01096872  0.02106394  0.01134366
   0.00319888  0.00094356  0.00044767  0.00049583  0.0032234   0.01245201
   0.01924244  0.01153733  0.00523913  0.00197978  0.00073842  0.00067799
   0.00701136  0.00472549  0.00440177  0.00518508  0.00758217  0.00702315
   0.00441631  0.00463908  0.00387557  0.00316771  0.0035862   0.00452985
   0.0073544   0.00747228  0.004077    0.00272269  0.00835494  0.00526632
   0.00379303  0.00521687  0.007538    0.0058543   0.00386162  0.00512856
   0.00888671  0.00483733  0.00157656  0.00114823  0.00174054  0.00242008
   0.00403105  0.00602305  0.00685745  0.00370493  0.00307334  0.00288162
   0.00259698  0.00394628  0.00899772  0.00923404  0.0028101   0.0040106
   0.00802945  0.00833537  0.00676262  0.00390777  0.00449144  0.00394935
   0.00116627  0.00336746  0.00630049  0.00440383  0.00231887  0.00105231
   0.0007071   0.00066053  0.00496067  0.00532378  0.00702474  0.00539424
   0.00402161  0.00262403  0.00199986  0.00311534  0.00770047  0.00466439
   0.00358703  0.0051422   0.0080074   0.00531572  0.00307238  0.0047284
   0.006466    0.00522559  0.00524941  0.00513829  0.00630767  0.00551313
   0.00464528  0.00461147  0.006953    0.00430535  0.00355259  0.00367555
   0.00416263  0.00427322  0.00596679  0.00630493  0.00529902  0.00273886
   0.00110889  0.00098488  0.00125559  0.00156674  0.00279395  0.00404555
   0.00554295  0.00322494  0.00302791  0.00337241  0.00350359  0.00351896
   0.00647874  0.00692912  0.00218252  0.00216903  0.00410361  0.00651863
   0.00870534  0.00518977  0.00373563  0.00316073  0.00178676  0.00223264
   0.00313394  0.00308891  0.00331671  0.00192143  0.00106714  0.00119201
   0.00664779  0.00526545  0.00444493  0.00374947  0.00427593  0.00311133
   0.0026765   0.00421717]
 [ 0.0010817   0.00275402  0.00414507  0.00377001  0.00592844  0.00784828
   0.00539961  0.00178468  0.00150204  0.00176252  0.00419393  0.00862947
   0.01608001  0.01576269  0.00875195  0.00299169  0.0006661   0.00029502
   0.00045587  0.0021267   0.00828326  0.01422081  0.00898973  0.00256257
   0.00065485  0.00045005  0.00077029  0.00392027  0.01419728  0.01865359
   0.00925487  0.00232695  0.00734974  0.00561191  0.00198146  0.0020181
   0.00560571  0.00659154  0.0045556   0.00436911  0.00496417  0.00457319
   0.00478614  0.00263849  0.00166198  0.00340367  0.00630618  0.00492837
   0.00233034  0.01085156  0.02066758  0.01110693  0.00323914  0.0011224
   0.00075681  0.00068675  0.00319701  0.01258559  0.01965092  0.01148743
   0.00462566  0.00147368  0.00046296  0.00058855  0.00199899  0.00660115
   0.01482814  0.0147616   0.01153497  0.00537743  0.00180468  0.00102846
   0.01086643  0.00568619  0.00320959  0.00488131  0.00799643  0.00553303
   0.00341884  0.00641642  0.00750011  0.00470222  0.00325994  0.00339654
   0.00509253  0.00483993  0.00301664  0.00417212  0.00432338  0.0038929
   0.00514693  0.00655273  0.00853277  0.00667736  0.00361221  0.00299709
   0.01008619  0.00601118  0.00265405  0.00280006  0.00464596  0.00471205
   0.00459048  0.00631218  0.00692069  0.00510669  0.00520659  0.00403833
   0.00319624  0.00439362  0.00828726  0.00781983  0.00203212  0.0047791
   0.0093273   0.00725765  0.00433315  0.00241492  0.00256996  0.00205852
   0.00256688  0.00375688  0.00547716  0.00358147  0.00183478  0.00093828
   0.0007719   0.00139676  0.00915942  0.00567932  0.00473645  0.00469029
   0.00515788  0.00339429  0.0030492   0.00612048  0.00655545  0.00380142
   0.00286305  0.00503729  0.00836635  0.00495872  0.00252697  0.00400046
   0.0065671   0.0051046   0.00468145  0.00502889  0.00689655  0.00554365
   0.00406325  0.0043053   0.00627505  0.00459944  0.00480078  0.00466412
   0.00501268  0.00516654  0.00675721  0.00616367  0.00657587  0.00362142
   0.00183999  0.00182095  0.00234415  0.0025026   0.00356979  0.00489643
   0.00560495  0.00354974  0.00349046  0.00359815  0.00360753  0.00361673
   0.00628242  0.00662947  0.00196982  0.00243864  0.00451233  0.00580601
   0.00687266  0.00410148  0.00298509  0.00250358  0.00314979  0.0031951
   0.00329466  0.0024864   0.00222287  0.00140815  0.0010904   0.00181179
   0.00694442  0.0054722   0.00447787  0.00416557  0.00552039  0.00417505
   0.00352165  0.00466588]
 [ 0.00110907  0.00183537  0.00459582  0.00881544  0.01635816  0.01702362
   0.00991064  0.00312072  0.01363441  0.00653661  0.00197711  0.00252254
   0.00455479  0.0039298   0.00299308  0.00735886  0.00831172  0.00394598
   0.00079065  0.00079004  0.00219805  0.00321461  0.00244776  0.00439037
   0.00055185  0.00024189  0.00030801  0.00151381  0.00632401  0.01097272
   0.006704    0.00187589  0.00074543  0.00047848  0.0007111   0.00348126
   0.01310222  0.01860267  0.01030703  0.00276733  0.00126065  0.003051
   0.00436701  0.00313736  0.00411803  0.00548844  0.0039858   0.00150683
   0.00326619  0.01261729  0.01949786  0.01169047  0.00530867  0.00200606
   0.00074822  0.00068699  0.00218228  0.00681478  0.01479605  0.0134245
   0.0087954   0.0035479   0.00108157  0.00094603  0.01119925  0.00588977
   0.0044893   0.00476882  0.00471464  0.00274365  0.00265712  0.00724053
   0.00989689  0.00508319  0.00299873  0.00621238  0.01087894  0.00573852
   0.00256022  0.00564243  0.01113356  0.00630881  0.00321462  0.00401694
   0.00626557  0.00401308  0.00235182  0.00569278  0.00438925  0.0043475
   0.00576683  0.00565274  0.00621982  0.00505861  0.00293437  0.00274336
   0.00682524  0.0047463   0.00349234  0.00472457  0.00810138  0.00765302
   0.00475576  0.0044384   0.00595352  0.00596591  0.00695105  0.00494751
   0.00423307  0.00506994  0.00653926  0.00552923  0.00199484  0.0053054
   0.00943438  0.00626028  0.00322508  0.00187093  0.00155776  0.0012763
   0.00639699  0.00482353  0.00447769  0.00329273  0.00244311  0.00153373
   0.00170967  0.0039283   0.01078339  0.00555315  0.00339767  0.00521053
   0.00818685  0.00497154  0.00388936  0.00749119  0.00444136  0.00261321
   0.00221241  0.00451448  0.00774073  0.00436426  0.00198509  0.00277055
   0.00573231  0.00432342  0.00382151  0.00499565  0.00771775  0.00568589
   0.00341146  0.00359465  0.00597082  0.00505566  0.00571722  0.00517578
   0.00552783  0.00580695  0.00705593  0.0058516   0.00732907  0.00440652
   0.00294095  0.00309894  0.00393445  0.00384457  0.00450538  0.00553282
   0.00575373  0.00427407  0.00454418  0.00418019  0.00403001  0.00401297
   0.00596217  0.00606384  0.00204617  0.00287117  0.00488755  0.00497412
   0.00496948  0.00301967  0.00225553  0.00199836  0.0050402   0.00466656
   0.00394086  0.00260866  0.00234807  0.00170334  0.00162204  0.00287816
   0.00588942  0.00506757  0.00454438  0.0044889   0.00643553  0.00528439
   0.00442034  0.00439586]
 [ 0.00835239  0.00422505  0.00219191  0.00386085  0.00715893  0.00628608
   0.00369378  0.00496308  0.01839883  0.00894094  0.00291503  0.00454222
   0.00794911  0.00401213  0.00254914  0.00947435  0.02151342  0.01026118
   0.00202154  0.00172092  0.00299205  0.00168821  0.00196131  0.01025772
   0.00794371  0.00376666  0.00068498  0.00043839  0.00121507  0.00194033
   0.00170002  0.00403193  0.0006515   0.00028855  0.00044588  0.00208007
   0.00810165  0.01390903  0.00879264  0.00250639  0.0009626   0.0019347
   0.00440656  0.00756448  0.01393416  0.01552912  0.00948762  0.0029274
   0.00195517  0.00645642  0.01450304  0.01443796  0.01128207  0.00525954
   0.00176511  0.00100591  0.01176964  0.00592457  0.00398624  0.0037076
   0.00315217  0.00189091  0.00264868  0.00780303  0.01887751  0.00816654
   0.00218429  0.00346694  0.00637553  0.00389417  0.00476096  0.01281679
   0.00464039  0.00263717  0.00246778  0.00601368  0.01060873  0.00513115
   0.00154055  0.00265752  0.00859731  0.00492718  0.00307435  0.00585524
   0.0097369   0.00496568  0.00186832  0.00435869  0.00793936  0.00602849
   0.0051657   0.00406661  0.00414504  0.00316673  0.00230497  0.00419934
   0.00360106  0.00308511  0.0035736   0.00488129  0.00818198  0.00808465
   0.00432817  0.00266796  0.00377303  0.00510889  0.00689447  0.00539038
   0.00587568  0.00639309  0.00501196  0.00320329  0.0032586   0.00513002
   0.00782883  0.00552194  0.00350796  0.00221558  0.00157301  0.00194271
   0.00990977  0.00567756  0.00339028  0.0033194   0.00413724  0.00281701
   0.0030468   0.00653512  0.00684714  0.00362094  0.00275265  0.00595813
   0.01057041  0.00615116  0.00367855  0.00512612  0.00224552  0.00141482
   0.00148987  0.00331669  0.00576657  0.00326734  0.00140821  0.00149886
   0.00371278  0.00279869  0.00263723  0.00432961  0.00723383  0.00499712
   0.00243216  0.0023106   0.00569695  0.005081    0.00550342  0.00491601
   0.00574708  0.0060226   0.00643357  0.00512645  0.00662733  0.00450334
   0.0039241   0.00415227  0.00510541  0.00479206  0.00487613  0.00520276
   0.00529277  0.00460093  0.00525304  0.0045289   0.00444838  0.00437086
   0.00510304  0.00488122  0.00261452  0.00325824  0.00468203  0.00395545
   0.00340717  0.0021857   0.00171226  0.00189499  0.00613005  0.00580135
   0.00474702  0.00310524  0.00313764  0.00252887  0.00245858  0.00365967
   0.00381978  0.00392145  0.00408721  0.00403488  0.00598407  0.00564876
   0.00482311  0.00341966]
 [ 0.02140894  0.01016196  0.00246218  0.0027119   0.00463623  0.00259908
   0.00265597  0.01101278  0.00255568  0.00250499  0.00522114  0.01231181
   0.02133888  0.00991709  0.0018781   0.00144883  0.00519094  0.00298173
   0.00314105  0.01047142  0.01974174  0.00929374  0.00192362  0.00264742
   0.02176528  0.01037791  0.00202754  0.00165654  0.00281341  0.00157965
   0.00194454  0.01036232  0.00807127  0.00383182  0.00076777  0.00076719
   0.00213446  0.00312161  0.00237694  0.00426336  0.00479179  0.00278874
   0.00280933  0.00575971  0.01076203  0.00968506  0.00518774  0.00361767
   0.01087527  0.00571939  0.00435943  0.00463086  0.00457825  0.00266428
   0.00258026  0.00703107  0.01824032  0.00770275  0.00209433  0.00361101
   0.0067142   0.00415791  0.00511834  0.01298251  0.00357593  0.00238492
   0.00388405  0.01178127  0.02194593  0.01040036  0.00259003  0.00263556
   0.0012563   0.00089583  0.00140639  0.00359326  0.00627781  0.00298619
   0.0007108   0.00075394  0.00378136  0.00242012  0.00256221  0.00617313
   0.01036536  0.00502378  0.00130159  0.00196856  0.01010836  0.00679695
   0.00445959  0.00459022  0.00624616  0.00378624  0.00229843  0.00517422
   0.00521755  0.00369194  0.00337437  0.00382469  0.00594978  0.00605776
   0.00350603  0.00321871  0.00359984  0.00431303  0.00595853  0.00573448
   0.00751951  0.00777828  0.00486045  0.00290469  0.00697051  0.00540399
   0.00577252  0.00493961  0.0044135   0.00292984  0.00247498  0.00454638
   0.00936083  0.00521727  0.00312409  0.00463492  0.00769828  0.00519536
   0.00431974  0.0067559   0.00264456  0.00166155  0.00200052  0.00484355
   0.00882785  0.00547064  0.00307492  0.00246684  0.00120755  0.00084772
   0.00112085  0.0025926   0.00453278  0.00264738  0.00114448  0.00090402
   0.00200969  0.0015774   0.00177158  0.00354239  0.00615758  0.00407334
   0.001644    0.00128202  0.00541978  0.0047858   0.00480967  0.00475321
   0.00657464  0.00658158  0.00577416  0.00445393  0.00610266  0.00470766
   0.00485173  0.00492533  0.00585471  0.00540235  0.0050478   0.00485712
   0.00507829  0.00481161  0.00569997  0.00493763  0.00524004  0.00502821
   0.0045265   0.00410565  0.00409135  0.00401571  0.00454375  0.00353925
   0.00306998  0.00211747  0.00176473  0.002585    0.00623926  0.00657594
   0.00586453  0.00393622  0.004323    0.00386689  0.00368252  0.0040658
   0.00230883  0.00305205  0.0036815   0.00344251  0.00516979  0.00585224
   0.00518121  0.00271139]]
[[ 0.00749631  0.00572382  0.00202097  0.00205835  0.0057175   0.00672299
   0.00464645  0.00445624  0.00060213  0.00031781  0.00062631  0.00323745
   0.01274311  0.01959089  0.01146032  0.0030334   0.00046218  0.00085569
   0.00232156  0.00637464  0.01503012  0.01426256  0.00499385  0.00101981
   0.00679107  0.00415483  0.00300155  0.0076041   0.0147345   0.00980237
   0.00301211  0.00348002  0.02223549  0.01200875  0.00261317  0.00100754
   0.0014565   0.00123951  0.00220702  0.01041279  0.01631578  0.01026307
   0.00279312  0.00062841  0.00086366  0.00397873  0.00919677  0.01133507
   0.00817257  0.00495067  0.00368333  0.00231096  0.00220603  0.0072748
   0.01545281  0.0112466   0.00275388  0.00530723  0.00846662  0.00454236
   0.00188502  0.00212023  0.00321315  0.00237044  0.00110327  0.00280894
   0.00422773  0.00384519  0.00604667  0.00800479  0.00550729  0.00182027
   0.00669428  0.00403728  0.00286913  0.00374263  0.00670159  0.00706985
   0.00430087  0.00419909  0.00391449  0.00440556  0.00660459  0.00662667
   0.00682869  0.00509473  0.00306078  0.00266567  0.00868853  0.00518009
   0.0042803   0.0053911   0.00611592  0.0044747   0.00496638  0.00660586
   0.00905213  0.00460324  0.00128289  0.0011028   0.00161421  0.00155715
   0.00233382  0.00522507  0.00649848  0.00328764  0.0013958   0.00098651
   0.00111467  0.00252134  0.00592233  0.00673053  0.00537286  0.00480334
   0.00709158  0.00637072  0.00471047  0.0043935   0.00787754  0.0072595
   0.00224572  0.00569624  0.01019833  0.00687337  0.00365147  0.00231872
   0.00222115  0.00170497  0.00455223  0.00541766  0.00767952  0.00670991
   0.00674222  0.00569184  0.00363541  0.00317448  0.00769852  0.00484145
   0.00372613  0.0051424   0.00794601  0.00540344  0.00303224  0.00452181
   0.00594574  0.00527781  0.00581727  0.00516612  0.00584585  0.00615459
   0.00683755  0.00548604  0.00683079  0.00394745  0.00320251  0.00313052
   0.00331292  0.00427303  0.00773081  0.0074936   0.00470468  0.00232276
   0.00081016  0.00071998  0.0009254   0.00116513  0.00223439  0.00347192
   0.00561396  0.00301651  0.00197785  0.00193011  0.00203817  0.00259269
   0.00526431  0.00605344  0.00368141  0.00303424  0.00473116  0.00618028
   0.00704061  0.00475453  0.00537322  0.00510679  0.00247934  0.00324843
   0.00491056  0.0043112   0.00381877  0.00240793  0.00185984  0.00191577
   0.0071138   0.00516229  0.00464516  0.00463969  0.00575146  0.00411732
   0.00308932  0.00464941]
 [ 0.00075931  0.00048739  0.00072434  0.00354608  0.01334616  0.01894902
   0.01049893  0.00281885  0.00112415  0.00052019  0.00045133  0.0018644
   0.00685483  0.01150606  0.00727752  0.00235299  0.00036033  0.00038914
   0.00066559  0.00101446  0.00242948  0.00322861  0.00156901  0.00047346
   0.00050389  0.00141825  0.00393246  0.00820119  0.01498075  0.01201869
   0.00377494  0.00076312  0.00703802  0.00448509  0.00252758  0.00627088
   0.01374299  0.01032509  0.00340058  0.00359138  0.01174899  0.00873057
   0.00277686  0.00158217  0.00370315  0.00494142  0.00520161  0.00666714
   0.00364541  0.00419178  0.0050093   0.00272315  0.00174807  0.0028191
   0.0043317   0.00332587  0.00157905  0.00508663  0.00771131  0.00566614
   0.00556378  0.00560248  0.00366982  0.00135303  0.00112972  0.00186955
   0.00468138  0.00897957  0.01666272  0.01734058  0.01009516  0.00317883
   0.01117212  0.00585375  0.00270593  0.00398013  0.00689513  0.00508407
   0.00304126  0.0060207   0.00709658  0.00628968  0.00660291  0.00504688
   0.00446508  0.00335973  0.00255318  0.00391044  0.00494168  0.00472796
   0.00712796  0.00776115  0.00738757  0.00508829  0.00488962  0.00457543
   0.01111026  0.00606447  0.0027307   0.00337736  0.00482971  0.0037884
   0.00357428  0.0065818   0.00915693  0.00545901  0.00272684  0.00196419
   0.00242908  0.00388115  0.00676256  0.00764524  0.00435268  0.00601436
   0.00949598  0.00689672  0.00431082  0.00391208  0.00562906  0.00466251
   0.00295547  0.00579327  0.0093929   0.00652974  0.00413633  0.00278362
   0.00194251  0.00180508  0.00886841  0.00572189  0.00524111  0.00582474
   0.00734493  0.00554783  0.00383074  0.00582184  0.00678318  0.00411371
   0.00311674  0.0052409   0.00857365  0.00509611  0.00242013  0.0038911
   0.00584816  0.00518947  0.00530429  0.00505122  0.00668318  0.00678981
   0.00628638  0.00490086  0.00643156  0.0044473   0.00463555  0.00424619
   0.00431424  0.00562396  0.00943195  0.00788678  0.00633391  0.00328167
   0.00153233  0.00154217  0.0019175   0.002136    0.003553    0.00491674
   0.00611303  0.00350265  0.00243296  0.00228001  0.00241813  0.00294036
   0.0054115   0.00618401  0.00343039  0.00352563  0.00562476  0.00608953
   0.00611834  0.00419902  0.00461068  0.00425366  0.00384724  0.00400307
   0.00482202  0.00378881  0.00321658  0.00218244  0.00179239  0.00247521
   0.00762029  0.00505556  0.00405398  0.00488707  0.00711147  0.00487627
   0.00352532  0.00511145]
 [ 0.00069277  0.00030683  0.00047413  0.00221186  0.00861495  0.01479026
   0.00934971  0.00266519  0.0136254   0.00646695  0.00116021  0.00062524
   0.00139282  0.00188871  0.00200404  0.00669563  0.00838635  0.00403883
   0.00079046  0.00021133  0.0002109   0.00035318  0.00081016  0.0040275
   0.00038705  0.00071576  0.00142814  0.00148805  0.00200729  0.00203853
   0.00087608  0.00031444  0.00047128  0.00087255  0.00236731  0.00650027
   0.01532633  0.01454365  0.00509227  0.00103991  0.00120647  0.00089704
   0.0008518   0.00355254  0.01267248  0.01659089  0.00868674  0.00253683
   0.00112501  0.0028643   0.00431106  0.00392098  0.00616584  0.00816255
   0.00561583  0.00185614  0.00129943  0.00305238  0.00752006  0.01161484
   0.01711403  0.01443223  0.00763137  0.00251402  0.00888158  0.00449274
   0.00233078  0.00410547  0.0076125   0.00668434  0.00392781  0.00527752
   0.01039383  0.00546789  0.00293608  0.00588827  0.01020049  0.0053537
   0.00220123  0.00539135  0.01017512  0.00753699  0.00559955  0.0047054
   0.005497    0.0036215   0.00258679  0.00529362  0.00433208  0.00572897
   0.00900891  0.00752091  0.0057362   0.00406129  0.00413906  0.00362262
   0.00757569  0.00509549  0.0046333   0.00625984  0.00824766  0.00605191
   0.00398893  0.00492552  0.00865193  0.00600345  0.00380552  0.00333029
   0.00501473  0.00600834  0.00631404  0.0063815   0.00327731  0.00629767
   0.01011041  0.00692262  0.00474838  0.00421153  0.00385793  0.00269828
   0.00602944  0.00570487  0.0071476   0.0059475   0.00510032  0.00352628
   0.00261015  0.00391872  0.01143722  0.00588811  0.00359002  0.00573194
   0.00914993  0.00551501  0.00356885  0.00726471  0.00457549  0.00280375
   0.00238001  0.00473741  0.00799594  0.00440906  0.00175011  0.00262481
   0.00486716  0.00423577  0.00413259  0.00474514  0.00741458  0.00705773
   0.00523376  0.00383921  0.00583153  0.00484762  0.0056082   0.00480591
   0.00500651  0.00668472  0.01003688  0.0074222   0.00727063  0.00408874
   0.00265563  0.0027893   0.00330068  0.00345187  0.00513433  0.00612395
   0.00669075  0.00430176  0.00333633  0.00301768  0.00330914  0.00370274
   0.00545028  0.00605589  0.00324758  0.00400086  0.00627361  0.00569081
   0.00501197  0.00358004  0.00364775  0.00331022  0.00572049  0.00488216
   0.00463988  0.00367622  0.0036079   0.00257432  0.00220954  0.00356179
   0.00634961  0.00422858  0.0034807   0.00485955  0.00775593  0.00536075
   0.00376242  0.00452987]
 [ 0.00823826  0.0039111   0.00078366  0.00078306  0.00217863  0.0031862
   0.00242612  0.00435157  0.01944482  0.00935289  0.00225022  0.00328671
   0.00604762  0.00305635  0.00200366  0.00929634  0.02217992  0.01062947
   0.00210718  0.00141528  0.00212661  0.00126204  0.00201778  0.01063686
   0.00811579  0.00404243  0.00103008  0.00032437  0.00016813  0.00022917
   0.00073795  0.00390281  0.00035062  0.00037865  0.00064765  0.00098712
   0.00236399  0.00314158  0.00152672  0.0004607   0.00056148  0.00024392
   0.00049986  0.00248194  0.01000877  0.01707461  0.01067965  0.00290934
   0.00109927  0.00181915  0.0045552   0.00873753  0.01621358  0.01687317
   0.00982305  0.00309314  0.00893832  0.00466629  0.00303205  0.00481479
   0.00771052  0.0058949   0.00344586  0.00539208  0.02185189  0.01037221
   0.00251312  0.00276801  0.00473216  0.00265285  0.00271092  0.01124064
   0.00506844  0.00292709  0.00262579  0.00641196  0.01105785  0.00529175
   0.00143075  0.00264717  0.00795495  0.00566445  0.00421268  0.00598271
   0.0093171   0.00546025  0.00250256  0.00418843  0.00679383  0.00738555
   0.00854991  0.00573245  0.00418402  0.00342396  0.00374344  0.00431768
   0.00394687  0.00408819  0.00612161  0.00705312  0.00802677  0.00590578
   0.00341691  0.00286068  0.00507319  0.00429359  0.00391582  0.00436739
   0.00758437  0.00841413  0.00564467  0.00388718  0.00337118  0.00559122
   0.00868884  0.00683096  0.00610117  0.00527038  0.0034654   0.00242488
   0.00998499  0.00581143  0.00452672  0.00503757  0.00621997  0.00407118
   0.00340218  0.00670892  0.00811364  0.00419948  0.00295837  0.00651308
   0.01145674  0.00595331  0.00273895  0.00515068  0.00235789  0.00152833
   0.00161754  0.00362573  0.00619961  0.00331888  0.00113858  0.00138849
   0.00314274  0.00272404  0.00274953  0.00404257  0.0070647   0.00628615
   0.00375426  0.00244657  0.00523772  0.00486132  0.00554312  0.00468728
   0.00555974  0.00744686  0.0094287   0.00633956  0.00684804  0.00440988
   0.00390575  0.00399189  0.00445503  0.00456562  0.0062629   0.00636073
   0.00652302  0.00473068  0.00417392  0.00381943  0.00444972  0.00462418
   0.0051509   0.00535455  0.0035025   0.00427602  0.00617665  0.00505393
   0.00424183  0.00319315  0.00286824  0.00280543  0.00690815  0.00541311
   0.00447147  0.00386847  0.00461349  0.00338051  0.00289696  0.00443046
   0.00404523  0.00294445  0.0027829   0.00414522  0.00692572  0.00516242
   0.00365931  0.00326156]
 [ 0.02226354  0.01061896  0.00209203  0.00178092  0.00309637  0.00174707
   0.00202969  0.01061538  0.00261472  0.00186683  0.00344659  0.01191581
   0.02223731  0.01042075  0.00191086  0.00144469  0.00532416  0.00320747
   0.00396457  0.01072333  0.01753957  0.00811247  0.00179489  0.00271369
   0.02216073  0.01075074  0.00221098  0.00131806  0.0018739   0.00120846
   0.00217157  0.01075209  0.00816166  0.00393062  0.00076928  0.00020567
   0.00020525  0.00034372  0.00078845  0.00391959  0.00448246  0.0021278
   0.00056093  0.00109194  0.00344608  0.00529397  0.00348713  0.00291551
   0.00864362  0.00437237  0.00226834  0.00399547  0.00740854  0.00650525
   0.00382257  0.00513612  0.02153768  0.01008717  0.00257587  0.00309683
   0.00533058  0.00301894  0.00320101  0.01176947  0.00520785  0.00366327
   0.00518229  0.01218108  0.02129629  0.00994186  0.00215587  0.00280579
   0.00138848  0.00099743  0.0015864   0.00414136  0.00704075  0.0033001
   0.00069653  0.0007557   0.0035033   0.00270917  0.00297538  0.00630829
   0.01058589  0.00590496  0.00188718  0.00194802  0.00819021  0.00754147
   0.00663411  0.00514862  0.00598718  0.00498235  0.00396863  0.00481551
   0.00501489  0.00512533  0.0066436   0.00573484  0.00533771  0.00403751
   0.00269365  0.00302027  0.00361574  0.00312535  0.00347331  0.0044625
   0.00814989  0.00917634  0.00534902  0.00296283  0.00640735  0.0053714
   0.00635055  0.00621013  0.00696277  0.00564692  0.00371691  0.00432791
   0.010377    0.0052603   0.00326163  0.00565748  0.00930856  0.00542195
   0.00376179  0.00715036  0.0032887   0.00196046  0.00220919  0.00549329
   0.009781    0.00490759  0.00169811  0.00218617  0.00125637  0.00089289
   0.00120241  0.00287751  0.00493716  0.00262924  0.00082984  0.0007789
   0.00167853  0.00149958  0.00174069  0.00324494  0.00600701  0.00503799
   0.00248084  0.00134937  0.00461661  0.0044329   0.00477219  0.00441459
   0.00640513  0.00825453  0.00839546  0.00517137  0.00619959  0.00474078
   0.00512537  0.00488488  0.00520757  0.00539165  0.00694093  0.00614562
   0.00606469  0.00484509  0.00479517  0.00458182  0.00568074  0.00560623
   0.00484412  0.00462263  0.00469092  0.00466625  0.00573051  0.00470405
   0.00434451  0.00332828  0.002674    0.00320689  0.00685982  0.00547974
   0.00454549  0.00431417  0.00586516  0.00450572  0.00378374  0.00470626
   0.00220874  0.00192954  0.00219464  0.00321116  0.00549613  0.00471979
   0.00352593  0.00222593]]
[[ 0.00681462  0.00434272  0.00244736  0.00607183  0.01330677  0.00999736
   0.00329264  0.00347738  0.00029652  0.0006725   0.00186751  0.00460034
   0.01099222  0.01123088  0.0042315   0.00085718  0.00091377  0.00435501
   0.01160974  0.01542906  0.0142206   0.00611785  0.00137867  0.00044035
   0.00691683  0.00431774  0.00476615  0.00898427  0.01096877  0.00513667
   0.00238275  0.00408284  0.02248268  0.01065064  0.00200735  0.0011004
   0.00150673  0.00121141  0.0026278   0.01124283  0.02002324  0.01060433
   0.00219014  0.00058649  0.00064681  0.00070815  0.00193376  0.00943175
   0.0180022   0.0119726   0.00335854  0.00078505  0.00104236  0.00390635
   0.00869682  0.01147258  0.00686883  0.00513302  0.00189317  0.00153439
   0.00400532  0.00545248  0.00499864  0.00459019  0.00073521  0.00047192
   0.00070135  0.00343352  0.01292253  0.01834755  0.01016568  0.00272937
   0.00626917  0.00446727  0.00393207  0.0038744   0.00520868  0.00490061
   0.00296902  0.00357266  0.00401516  0.00523537  0.00860837  0.00751022
   0.00578366  0.00429562  0.00511316  0.00413596  0.00828185  0.00429902
   0.00315085  0.00348842  0.00353692  0.00415696  0.00837322  0.00899008
   0.00799338  0.00378866  0.00100636  0.00086113  0.00111753  0.00121292
   0.00247016  0.00511434  0.00566323  0.00287033  0.00075828  0.00043434
   0.00063264  0.00116364  0.0025089   0.00399135  0.007442    0.00477562
   0.00394406  0.00307099  0.00265463  0.00417982  0.00841836  0.00830557
   0.00384696  0.00603784  0.00907521  0.00626401  0.00455655  0.00448107
   0.00463929  0.00341303  0.00409074  0.00393837  0.00489506  0.005294
   0.00791069  0.00842156  0.00514654  0.00321812  0.00715421  0.00499801
   0.00417915  0.00504777  0.00733744  0.00530469  0.00329658  0.00427952
   0.00531688  0.00484178  0.00558051  0.00469615  0.00534037  0.00717442
   0.00953439  0.00655317  0.00655456  0.00358612  0.00280568  0.00261921
   0.00271252  0.00430761  0.00879436  0.00809405  0.00396302  0.001867
   0.00060117  0.00051451  0.00064075  0.00095859  0.0021417   0.00314934
   0.00502046  0.0025727   0.00116171  0.00100734  0.00116819  0.00167658
   0.00345776  0.00448994  0.00497308  0.00348241  0.00427575  0.00482257
   0.00495204  0.00413269  0.00633096  0.00640471  0.00332605  0.00416199
   0.00618142  0.00514237  0.00431335  0.00320843  0.00298083  0.00282241
   0.00717693  0.00499031  0.00456309  0.00503769  0.00673474  0.00500437
   0.0033582   0.00465308]
 [ 0.00046196  0.00085529  0.00232047  0.00637166  0.0150231   0.0142559
   0.00499152  0.00101933  0.00083196  0.00053833  0.00046205  0.00053377
   0.00122336  0.00177965  0.00097306  0.00058043  0.00086966  0.00395357
   0.00890745  0.00702308  0.00370295  0.00114393  0.00028233  0.00025905
   0.00107287  0.00522974  0.01377212  0.01729293  0.0140564   0.00516023
   0.00113058  0.00047596  0.00685574  0.00435532  0.00485913  0.00986835
   0.01326207  0.00645644  0.00222912  0.00372013  0.01156819  0.00687131
   0.0025156   0.00443007  0.0093582   0.00678126  0.00272391  0.0055303
   0.00749281  0.00572115  0.00202003  0.00205739  0.00571484  0.00671985
   0.00464428  0.00445416  0.0007867   0.00055781  0.00078091  0.00301778
   0.01121242  0.01695767  0.01032202  0.00292525  0.00067907  0.00030076
   0.00046475  0.0021681   0.0084445   0.01449763  0.00916473  0.00261245
   0.01051533  0.00637565  0.00368852  0.00375805  0.00527558  0.00367261
   0.00236968  0.00539888  0.00579849  0.0070914   0.00925757  0.00633341
   0.00437153  0.00380134  0.00470301  0.00437234  0.00562664  0.00427226
   0.00580026  0.00565853  0.00483822  0.00536197  0.00979613  0.00806184
   0.01037593  0.00522032  0.00242729  0.0028462   0.00341112  0.00295939
   0.00465454  0.00747574  0.00994413  0.00542277  0.00176328  0.00149074
   0.0023469   0.0026467   0.00367944  0.00616771  0.00709749  0.00590656
   0.00570336  0.00412579  0.0038837   0.00507721  0.00717433  0.00651629
   0.00321416  0.0055475   0.00857258  0.00667004  0.00626762  0.00589406
   0.0040435   0.00249969  0.00818532  0.00487059  0.00363399  0.00467149
   0.00744571  0.00683075  0.00429353  0.00513638  0.00628187  0.00425066
   0.00346854  0.00510302  0.00805835  0.00519689  0.00268478  0.00363345
   0.00485402  0.00464335  0.00507088  0.00453621  0.00624752  0.00815803
   0.00878554  0.00553614  0.00625897  0.00408631  0.00414816  0.0036621
   0.00371017  0.00585845  0.01092641  0.00872339  0.00558602  0.00272918
   0.00121067  0.00117128  0.00138167  0.00188883  0.00387108  0.00491768
   0.00576205  0.0030902   0.00152034  0.00135511  0.00162039  0.00208052
   0.00375674  0.00487621  0.00483086  0.00409783  0.00532778  0.00515833
   0.00483542  0.00411539  0.00571534  0.00556532  0.00435211  0.00460175
   0.00592749  0.00481049  0.00428265  0.00328496  0.0026984   0.00305708
   0.00773502  0.00474936  0.00373996  0.0051618   0.00787361  0.00520969
   0.0032543   0.00496396]
 [ 0.00034982  0.00037779  0.00064618  0.00098487  0.0023586   0.00313442
   0.00152324  0.00045965  0.01313251  0.00628569  0.00114167  0.0002694
   0.00022219  0.0003202   0.0011327   0.00628094  0.00772626  0.00631533
   0.00580298  0.00272515  0.00074482  0.00034988  0.0008846   0.00375581
   0.00113568  0.00570459  0.01294544  0.01007557  0.00510442  0.00138146
   0.00031139  0.00030321  0.0009162   0.00436656  0.01164054  0.01546999
   0.01425833  0.00613408  0.00138232  0.00044151  0.0008351   0.00109883
   0.00255424  0.00759764  0.01764792  0.0156552   0.00514668  0.00116942
   0.00073716  0.00047317  0.00070321  0.00344263  0.01295681  0.01839622
   0.01019264  0.00273662  0.0007967   0.00040923  0.00078421  0.00311467
   0.01064512  0.01725511  0.01106707  0.00322503  0.00821948  0.00390219
   0.00078187  0.00078128  0.00217366  0.00317893  0.00242059  0.00434165
   0.0097546   0.00577414  0.00344538  0.0055317   0.00888963  0.00473096
   0.00206798  0.00493988  0.00751533  0.00766016  0.00746246  0.00516142
   0.0052219   0.00500128  0.00474235  0.00484959  0.00444225  0.00519947
   0.00801665  0.00628008  0.00467515  0.00552838  0.0094203   0.00654155
   0.00760651  0.0048149   0.00477703  0.00572632  0.00596884  0.00453204
   0.00575387  0.00667284  0.00990166  0.00592289  0.00289273  0.00351994
   0.00576328  0.00523116  0.00423443  0.00596716  0.00475643  0.00525942
   0.00617306  0.00491907  0.00586876  0.00671383  0.00567587  0.00399379
   0.00520696  0.0050563   0.00652882  0.00629462  0.00728068  0.00644271
   0.00407245  0.00365536  0.01128536  0.00578452  0.00294339  0.00489749
   0.00836223  0.00539674  0.00310416  0.00639555  0.0042002   0.00285657
   0.00255024  0.00459491  0.0076454   0.00459703  0.00194211  0.00241694
   0.00379146  0.00365025  0.00381336  0.00406217  0.00679903  0.00835067
   0.00715347  0.00408189  0.00551854  0.00439315  0.00504098  0.0042123
   0.00450054  0.00711815  0.01163106  0.00815862  0.00661975  0.00348121
   0.00219608  0.00219365  0.00243141  0.00317255  0.00604159  0.00658307
   0.0067425   0.00391974  0.00228175  0.00216015  0.00269717  0.00298223
   0.00419094  0.00529014  0.00447596  0.00454639  0.00611908  0.00527162
   0.00470707  0.00411626  0.00476765  0.00441274  0.00592537  0.00492563
   0.00515766  0.00455984  0.00485245  0.00362505  0.00279017  0.00388757
   0.00645783  0.00381333  0.00295605  0.00498036  0.00822999  0.00507482
   0.00292344  0.00421869]
 [ 0.00828435  0.0039897   0.00078085  0.00020876  0.00020833  0.00034888
   0.0008003   0.00397851  0.01975904  0.00955117  0.00231934  0.00275715
   0.00448777  0.00232941  0.00201567  0.00951008  0.02122231  0.01293226
   0.00477171  0.00188064  0.00152261  0.00152361  0.00336415  0.01099818
   0.0075374   0.00835619  0.00993601  0.0047916   0.00127111  0.00048833
   0.00095484  0.00358673  0.00087642  0.00398431  0.00897671  0.00707769
   0.00373175  0.00115282  0.00028453  0.00026107  0.00021967  0.00041734
   0.00098621  0.0018218   0.00441133  0.00534162  0.00237269  0.00054669
   0.00068435  0.0003031   0.00046836  0.00218496  0.00851017  0.01461037
   0.009236    0.00263277  0.00842937  0.00402007  0.00094922  0.00134036
   0.00351089  0.0046083   0.00319537  0.00464481  0.02259821  0.01077859
   0.00212348  0.00180769  0.00314292  0.00177334  0.0020602   0.01077496
   0.00505232  0.00322714  0.00299121  0.00670443  0.01118479  0.00556187
   0.00161085  0.00261902  0.00603673  0.00568753  0.00500817  0.00553267
   0.00877336  0.00759287  0.00465862  0.00390314  0.00538411  0.00664269
   0.00847678  0.00561841  0.00461663  0.00627122  0.00899834  0.00603978
   0.00448938  0.0048112   0.00772618  0.00768298  0.00659692  0.00479666
   0.00560274  0.00480285  0.00597743  0.00435841  0.00388508  0.00546706
   0.00880895  0.00781155  0.00441038  0.00390326  0.00349794  0.00420717
   0.00563346  0.00550995  0.00784577  0.00857468  0.00542414  0.00298505
   0.00970655  0.00568512  0.00442643  0.00547208  0.00767689  0.00576019
   0.00387576  0.00619972  0.00896208  0.00468607  0.00295157  0.00646536
   0.01137206  0.00578207  0.00223958  0.00494787  0.00228768  0.00163244
   0.00178148  0.00377282  0.00643784  0.00373026  0.0013176   0.00134297
   0.0024988   0.0024129   0.00256167  0.00350731  0.00670929  0.00766606
   0.00530064  0.00266005  0.00497202  0.00456966  0.00528172  0.00438768
   0.00546766  0.00851869  0.01153998  0.00721722  0.00680229  0.00409132
   0.00357554  0.00344821  0.00359995  0.00464397  0.00825666  0.00770196
   0.00725804  0.00464424  0.00333251  0.00335571  0.00430335  0.00431615
   0.00469868  0.0054666   0.00452524  0.00489372  0.00649947  0.00538947
   0.00502249  0.00444716  0.00409671  0.0037393   0.0074105   0.0052077
   0.00449874  0.004709    0.00611401  0.00431667  0.00321144  0.00486084
   0.00433342  0.00263495  0.00230154  0.00440666  0.00757936  0.0046528
   0.00255397  0.00299649]
 [ 0.0224576   0.01076254  0.00213356  0.00143299  0.00215323  0.00127784
   0.00204304  0.01077002  0.00267371  0.002141    0.00471941  0.01303858
   0.02091345  0.00958597  0.00181022  0.00146526  0.00531005  0.00382326
   0.00351621  0.00860198  0.01495743  0.00736085  0.00236799  0.0030165
   0.01987614  0.01442287  0.00692265  0.00256681  0.0015292   0.00166141
   0.00365783  0.01038946  0.00784086  0.00640901  0.00588906  0.00276557
   0.00075587  0.00035507  0.00089772  0.00381152  0.00438585  0.00215231
   0.00051743  0.00021113  0.00031939  0.00053194  0.00061715  0.00214627
   0.0083414   0.00396007  0.00079347  0.00079287  0.0022059   0.00322609
   0.0024565   0.00440605  0.02247944  0.01073205  0.00217306  0.00193748
   0.0033919   0.00191998  0.00211465  0.01076257  0.00536467  0.00308152
   0.00324617  0.01082188  0.02040246  0.00960478  0.001988    0.00273602
   0.00139715  0.00111116  0.00183124  0.00463797  0.0077061   0.00376555
   0.00085769  0.00077174  0.0026609   0.00260749  0.0029266   0.00546414
   0.01000721  0.00782651  0.00340716  0.00190391  0.00553551  0.00626878
   0.00641     0.00468709  0.00621848  0.00849642  0.00850056  0.00530092
   0.00464645  0.00618508  0.0093249   0.00712206  0.00500638  0.00395383
   0.00488165  0.00411133  0.00370212  0.00333182  0.00421722  0.00532526
   0.00799414  0.00748437  0.00394512  0.00261838  0.0058696   0.00426955
   0.00428252  0.00505461  0.00781041  0.00790418  0.0048628   0.00407787
   0.01111712  0.0056534   0.00328052  0.00581011  0.00972908  0.00561123
   0.00325278  0.00681936  0.00377666  0.00224175  0.00236645  0.00590116
   0.01034783  0.00493798  0.0013161   0.00210819  0.00121843  0.00094584
   0.00130275  0.00303824  0.00523093  0.00298083  0.00093237  0.00074461
   0.00130845  0.00129489  0.00153523  0.00273513  0.00560865  0.00596667
   0.00340813  0.00144949  0.00413502  0.00406773  0.00450829  0.0040855
   0.0063119   0.00940659  0.01018132  0.00570096  0.00617022  0.00448198
   0.00486329  0.00437319  0.00443441  0.00581461  0.00952905  0.00770512
   0.00671947  0.00479366  0.0042328   0.00440939  0.00568737  0.00541826
   0.00482414  0.00500335  0.00522155  0.00498218  0.00602317  0.00525515
   0.00553107  0.00475198  0.00364189  0.0037237   0.00733404  0.00483077
   0.00384785  0.0048426   0.00725435  0.00495571  0.00354895  0.00497626
   0.00227421  0.00152478  0.00163922  0.00331413  0.00581765  0.00378898
   0.00211644  0.00178927]]

